Loss,Accuracy
3.979817868041992224e+00,9.070000000000000284e+00
3.835981523513793956e+00,1.159999999999999964e+01
3.752969277954101734e+00,1.258999999999999986e+01
3.702829798507690562e+00,1.426999999999999957e+01
3.670756205749511558e+00,1.449000000000000021e+01
3.639890212631225808e+00,1.503999999999999915e+01
3.618666068649292189e+00,1.483000000000000007e+01
3.587833491516113416e+00,1.625000000000000000e+01
3.568151016235351580e+00,1.680000000000000071e+01
3.541462102890014840e+00,1.721000000000000085e+01
3.515209123229980470e+00,1.683999999999999986e+01
3.487805379104614190e+00,1.789000000000000057e+01
3.455288240432739411e+00,1.862000000000000099e+01
3.423543706512451212e+00,1.885000000000000142e+01
3.401575914001464973e+00,1.955000000000000071e+01
3.374458669281005907e+00,2.055999999999999872e+01
3.352851353073120322e+00,2.066000000000000014e+01
3.330150601577758884e+00,2.050000000000000000e+01
3.307274304962158240e+00,2.167999999999999972e+01
3.287328301239013761e+00,2.155999999999999872e+01
3.267809531402587897e+00,2.171000000000000085e+01
3.250612935638427903e+00,2.235000000000000142e+01
3.242344534301757619e+00,2.207000000000000028e+01
3.224551687622070340e+00,2.255000000000000071e+01
3.214234202957153119e+00,2.269999999999999929e+01
3.203962086486816574e+00,2.289999999999999858e+01
3.197752118682861244e+00,2.321999999999999886e+01
3.191319429397582841e+00,2.312999999999999901e+01
3.190371459579467661e+00,2.307000000000000028e+01
3.195387542724609453e+00,2.319000000000000128e+01
