Loss,Accuracy
4.234445883941650557e+00,9.220000000000000639e+00
3.789583824539184409e+00,1.359999999999999964e+01
3.558156085968017468e+00,1.692999999999999972e+01
3.425739261627197330e+00,2.003999999999999915e+01
3.328085328292846867e+00,2.073000000000000043e+01
3.250757965469360133e+00,2.237000000000000099e+01
3.180435594177246195e+00,2.323999999999999844e+01
3.123252413177490361e+00,2.498000000000000043e+01
3.073190677261352644e+00,2.594999999999999929e+01
3.026311633300781345e+00,2.619999999999999929e+01
2.977277678680419815e+00,2.726000000000000156e+01
2.937000368499755876e+00,2.737999999999999901e+01
2.898322298049926804e+00,2.780999999999999872e+01
2.856664955902099567e+00,2.798000000000000043e+01
2.830264193725585908e+00,3.032999999999999829e+01
2.794932159805297633e+00,2.960000000000000142e+01
2.768056134414672798e+00,3.058999999999999986e+01
2.742456045532226661e+00,3.000000000000000000e+01
2.715954776382446312e+00,3.126999999999999957e+01
2.692881072235107531e+00,3.180000000000000071e+01
2.668103589630126837e+00,3.119999999999999929e+01
2.646060577011108528e+00,3.164000000000000057e+01
2.623833751678466886e+00,3.293999999999999773e+01
2.598904637336731049e+00,3.239000000000000057e+01
2.579612115097045688e+00,3.340999999999999659e+01
2.556502840042114144e+00,3.386999999999999744e+01
2.534206308937072549e+00,3.447999999999999687e+01
2.516042811012268121e+00,3.453999999999999915e+01
2.493895624542236344e+00,3.506000000000000227e+01
2.471733682250976560e+00,3.518999999999999773e+01
2.448267730140686105e+00,3.572999999999999687e+01
2.436631852722167757e+00,3.582999999999999829e+01
2.410846401786804094e+00,3.539999999999999858e+01
2.387521545410156154e+00,3.622999999999999687e+01
2.361901432991027949e+00,3.654999999999999716e+01
2.345074542427063147e+00,3.706000000000000227e+01
2.325450619697570609e+00,3.727000000000000313e+01
2.304269519805908217e+00,3.799000000000000199e+01
2.284380937767028996e+00,3.824000000000000199e+01
2.261452574539184468e+00,3.850999999999999801e+01
2.241026318931579553e+00,3.842999999999999972e+01
2.221790318107605078e+00,3.882999999999999829e+01
2.201064243888855021e+00,3.974000000000000199e+01
2.181748714065551820e+00,3.999000000000000199e+01
2.169285910224914460e+00,3.913000000000000256e+01
2.152312290382385473e+00,4.050000000000000000e+01
2.130539008140563961e+00,4.025999999999999801e+01
2.116877689743041913e+00,4.110999999999999943e+01
2.101883982849121146e+00,4.075000000000000000e+01
2.085806376838684084e+00,4.078999999999999915e+01
2.067323910713195989e+00,4.131000000000000227e+01
2.054130730247497372e+00,4.145000000000000284e+01
2.044252242088318017e+00,4.143999999999999773e+01
2.028016066551208585e+00,4.210999999999999943e+01
2.015474347114563081e+00,4.186999999999999744e+01
2.005766887664794940e+00,4.189000000000000057e+01
1.995156474685668924e+00,4.182000000000000028e+01
1.979414575958251987e+00,4.236999999999999744e+01
1.970668687057495205e+00,4.235000000000000142e+01
1.956844915390014705e+00,4.263000000000000256e+01
1.946177297592163180e+00,4.178999999999999915e+01
1.934219554519653217e+00,4.268999999999999773e+01
1.922425218391418555e+00,4.302000000000000313e+01
1.914322841072082504e+00,4.342000000000000171e+01
1.899440215301513746e+00,4.347999999999999687e+01
1.896790820693969648e+00,4.320000000000000284e+01
1.884124184417724557e+00,4.359000000000000341e+01
1.869346240043640028e+00,4.317000000000000171e+01
1.863674977684020906e+00,4.375000000000000000e+01
1.854962447929382252e+00,4.349000000000000199e+01
1.847465477180481042e+00,4.361999999999999744e+01
1.837997216987609761e+00,4.386999999999999744e+01
1.830970817375183080e+00,4.365999999999999659e+01
1.821204383468628007e+00,4.385999999999999943e+01
1.814039456558227625e+00,4.422999999999999687e+01
1.808170285797119137e+00,4.432000000000000028e+01
1.804191020774841281e+00,4.427000000000000313e+01
1.792860604476928632e+00,4.436999999999999744e+01
1.786957329177856435e+00,4.464000000000000057e+01
1.778928064537048437e+00,4.460999999999999943e+01
1.774454870223999059e+00,4.452000000000000313e+01
1.764201304054260344e+00,4.464000000000000057e+01
1.761714906120300350e+00,4.464999999999999858e+01
1.755659479522705180e+00,4.464999999999999858e+01
1.753531139755249102e+00,4.475999999999999801e+01
1.751879251098632739e+00,4.482999999999999829e+01
1.740730258560180710e+00,4.485000000000000142e+01
1.743517907905578701e+00,4.493999999999999773e+01
1.734060049438476581e+00,4.521000000000000085e+01
1.732108727836608963e+00,4.506000000000000227e+01
1.733314084625244167e+00,4.503999999999999915e+01
1.724837013053894141e+00,4.496999999999999886e+01
1.722191119384765656e+00,4.496999999999999886e+01
1.720977134132385178e+00,4.504999999999999716e+01
1.715513592338562043e+00,4.518999999999999773e+01
1.718452333259582465e+00,4.507999999999999829e+01
1.711056840324401751e+00,4.500000000000000000e+01
1.715245803260803115e+00,4.499000000000000199e+01
1.715051178169250568e+00,4.500000000000000000e+01
1.712593866157531730e+00,4.499000000000000199e+01
