Loss,Accuracy
4.294883221054076827e+00,7.339999999999999858e+00
3.999976573944092006e+00,1.065000000000000036e+01
3.754567463302612484e+00,1.326999999999999957e+01
3.582963048553466923e+00,1.673000000000000043e+01
3.460717995452880835e+00,1.737000000000000099e+01
3.372816082382202207e+00,2.066000000000000014e+01
3.297201926803588812e+00,2.257000000000000028e+01
3.246744737625121946e+00,2.239000000000000057e+01
3.203464133071899589e+00,2.316000000000000014e+01
3.159319038391113388e+00,2.400000000000000000e+01
3.119157421874999780e+00,2.492999999999999972e+01
3.084850864791869984e+00,2.560000000000000142e+01
3.059769528579711739e+00,2.600000000000000000e+01
3.028495633697509959e+00,2.614000000000000057e+01
3.006659202194213787e+00,2.589999999999999858e+01
2.980819237518310683e+00,2.712000000000000099e+01
2.949715950775146478e+00,2.726000000000000156e+01
2.940195590972900508e+00,2.839000000000000057e+01
2.915431683349609226e+00,2.796999999999999886e+01
2.893204111480712992e+00,2.839000000000000057e+01
2.876807527542114329e+00,2.860000000000000142e+01
2.863975821304321379e+00,2.883999999999999986e+01
2.840897894668579227e+00,2.850000000000000000e+01
2.823073075866699089e+00,2.921000000000000085e+01
2.812361816787719793e+00,2.925000000000000000e+01
2.788847502136230450e+00,2.971000000000000085e+01
2.780228808212280356e+00,3.069000000000000128e+01
2.762153775405883582e+00,3.107999999999999829e+01
2.749236127471923918e+00,3.076999999999999957e+01
2.734463096618652500e+00,3.048999999999999844e+01
2.714696497344970538e+00,3.057999999999999829e+01
2.704240269851684531e+00,3.033999999999999986e+01
2.691492792129516420e+00,3.185000000000000142e+01
2.673644839859008915e+00,3.260999999999999943e+01
2.654743297195434781e+00,3.167999999999999972e+01
2.636943919372558565e+00,3.238000000000000256e+01
2.619362020492553622e+00,3.250999999999999801e+01
2.605871176528930633e+00,3.346000000000000085e+01
2.586474731826782225e+00,3.367999999999999972e+01
2.571895802688598742e+00,3.407999999999999829e+01
2.550116829681396524e+00,3.482000000000000028e+01
2.536995648193359543e+00,3.492999999999999972e+01
2.519895313262939585e+00,3.446000000000000085e+01
2.503589878463745144e+00,3.564000000000000057e+01
2.484138368797302210e+00,3.575999999999999801e+01
2.472801237297058030e+00,3.572999999999999687e+01
2.450197627067566053e+00,3.689999999999999858e+01
2.431465303039550996e+00,3.632999999999999829e+01
2.415070779800414957e+00,3.642000000000000171e+01
2.403978247642517108e+00,3.763000000000000256e+01
2.382950621604919217e+00,3.793999999999999773e+01
2.371960111618041989e+00,3.717000000000000171e+01
2.355771141624450671e+00,3.806000000000000227e+01
2.348763271331787195e+00,3.789000000000000057e+01
2.333897174644470329e+00,3.850000000000000000e+01
2.313047960472106812e+00,3.913000000000000256e+01
2.304157403755187961e+00,3.835000000000000142e+01
2.294999106788635057e+00,3.885000000000000142e+01
2.286169596099853596e+00,3.990999999999999659e+01
2.276198385810852098e+00,3.957999999999999829e+01
2.264547485923767312e+00,4.013000000000000256e+01
2.250316830444335725e+00,3.971000000000000085e+01
2.239449205017089994e+00,4.042999999999999972e+01
2.241466011619567933e+00,3.971000000000000085e+01
2.231663056373596188e+00,4.014999999999999858e+01
2.220174175453185850e+00,4.103000000000000114e+01
2.211683343696594140e+00,3.981000000000000227e+01
2.202795648193359490e+00,4.140999999999999659e+01
2.195710648345947202e+00,4.074000000000000199e+01
2.187808796691894653e+00,4.067999999999999972e+01
2.176118171691894698e+00,4.082999999999999829e+01
2.169187388038635422e+00,4.121000000000000085e+01
2.166914678382873660e+00,4.228000000000000114e+01
2.156242757034301682e+00,4.175999999999999801e+01
2.145625984573364065e+00,4.188000000000000256e+01
2.136515024948120178e+00,4.232999999999999829e+01
2.128966594314575023e+00,4.127000000000000313e+01
2.127032425880432065e+00,4.227000000000000313e+01
2.122538219070434717e+00,4.220000000000000284e+01
2.117083605766296284e+00,4.211999999999999744e+01
2.114302459907531517e+00,4.238000000000000256e+01
2.107052731323242334e+00,4.303999999999999915e+01
2.099339369964599467e+00,4.259000000000000341e+01
2.090450199127197095e+00,4.299000000000000199e+01
2.082937944221496362e+00,4.288000000000000256e+01
2.080754614257812385e+00,4.345000000000000284e+01
2.073879127120971777e+00,4.339000000000000057e+01
2.064797061347961371e+00,4.282999999999999829e+01
2.057200704574584815e+00,4.275999999999999801e+01
2.054529498672485133e+00,4.293999999999999773e+01
2.054177286338806141e+00,4.342999999999999972e+01
2.045554114913940236e+00,4.307999999999999829e+01
2.037259406471252365e+00,4.424000000000000199e+01
2.034248590850829874e+00,4.417999999999999972e+01
2.024204917335510334e+00,4.340999999999999659e+01
2.032230014228820991e+00,4.374000000000000199e+01
2.023618613243102882e+00,4.425000000000000000e+01
2.010303735160827721e+00,4.385999999999999943e+01
2.015421603775024550e+00,4.370000000000000284e+01
1.998151253128051863e+00,4.396999999999999886e+01
1.998107889366149914e+00,4.457999999999999829e+01
1.992831041717529228e+00,4.397999999999999687e+01
1.993137799644470132e+00,4.464999999999999858e+01
1.990393304634094251e+00,4.500999999999999801e+01
1.973247837066650412e+00,4.461999999999999744e+01
1.982062277030944841e+00,4.470000000000000284e+01
1.977014462280273444e+00,4.481000000000000227e+01
1.967911130142211862e+00,4.475000000000000000e+01
1.961898145866393994e+00,4.492999999999999972e+01
1.961563393402099509e+00,4.553000000000000114e+01
1.955197711944580030e+00,4.464999999999999858e+01
1.960233787727355903e+00,4.418999999999999773e+01
1.949934355545043907e+00,4.510999999999999943e+01
1.945318033409118685e+00,4.502000000000000313e+01
1.941849641418456951e+00,4.560000000000000142e+01
1.940455936431884743e+00,4.486999999999999744e+01
1.933478963279724017e+00,4.504999999999999716e+01
1.925894236373901336e+00,4.545000000000000284e+01
1.926138651084899900e+00,4.522999999999999687e+01
1.919145174217224081e+00,4.556000000000000227e+01
1.915705214118957445e+00,4.509000000000000341e+01
1.914654582595825216e+00,4.531000000000000227e+01
1.914830219078063944e+00,4.559000000000000341e+01
1.904296417236328143e+00,4.563000000000000256e+01
1.901282385826110755e+00,4.531000000000000227e+01
1.894748359107971236e+00,4.540999999999999659e+01
1.890161948585510343e+00,4.567999999999999972e+01
1.895056088256835913e+00,4.632999999999999829e+01
1.887367091941833497e+00,4.672999999999999687e+01
1.879069444465637284e+00,4.638000000000000256e+01
1.883274325180053665e+00,4.602000000000000313e+01
1.874290469551086469e+00,4.603999999999999915e+01
1.864872866058349565e+00,4.645000000000000284e+01
1.870811702156066847e+00,4.589000000000000057e+01
1.865631119728088372e+00,4.639000000000000057e+01
1.860729837799072195e+00,4.590999999999999659e+01
1.850197147369384787e+00,4.604999999999999716e+01
1.847444022560119636e+00,4.713000000000000256e+01
1.849485904884338394e+00,4.725000000000000000e+01
1.844667036628723222e+00,4.679999999999999716e+01
1.840707369613647559e+00,4.653999999999999915e+01
1.834108191299438584e+00,4.747999999999999687e+01
1.826474833488464400e+00,4.649000000000000199e+01
1.827662351036071886e+00,4.678999999999999915e+01
1.817704462051391578e+00,4.739999999999999858e+01
1.811369541358947677e+00,4.675999999999999801e+01
1.806564748191833436e+00,4.777000000000000313e+01
1.804789912414550779e+00,4.735999999999999943e+01
1.801792266845703150e+00,4.774000000000000199e+01
1.798404306602477964e+00,4.721000000000000085e+01
1.789167316246032646e+00,4.753000000000000114e+01
1.788501105690002424e+00,4.767000000000000171e+01
1.775029803276062079e+00,4.754999999999999716e+01
1.781017401885986340e+00,4.784000000000000341e+01
1.769227717590331928e+00,4.785000000000000142e+01
1.775754754447937067e+00,4.750000000000000000e+01
1.765012986373901471e+00,4.781000000000000227e+01
1.755415520858764733e+00,4.821999999999999886e+01
1.753788014221191460e+00,4.757999999999999829e+01
1.755997421264648528e+00,4.814000000000000057e+01
1.743113175582885699e+00,4.828000000000000114e+01
1.743902132797241267e+00,4.857000000000000028e+01
1.743886096382141204e+00,4.839999999999999858e+01
1.737846309280395518e+00,4.821000000000000085e+01
1.738036758995056053e+00,4.871000000000000085e+01
1.728219680404663006e+00,4.834000000000000341e+01
1.725630905723571695e+00,4.814999999999999858e+01
1.727656716156005912e+00,4.800000000000000000e+01
1.721430527496337959e+00,4.878999999999999915e+01
1.713944152641296403e+00,4.824000000000000199e+01
1.715404504585266166e+00,4.850999999999999801e+01
1.709456927299499496e+00,4.856000000000000227e+01
1.705923425865173426e+00,4.854999999999999716e+01
1.702346719741821390e+00,4.842000000000000171e+01
1.706500436782836916e+00,4.865999999999999659e+01
1.699973791885375896e+00,4.792000000000000171e+01
1.694533279800415126e+00,4.897999999999999687e+01
1.689457407951354906e+00,4.878999999999999915e+01
1.688284432792663603e+00,4.843999999999999773e+01
1.680158122062683113e+00,4.864000000000000057e+01
1.679771957778930735e+00,4.904999999999999716e+01
1.676809148025512730e+00,4.896999999999999886e+01
1.677649652671813874e+00,4.899000000000000199e+01
1.675067750930786081e+00,4.899000000000000199e+01
1.668082648658752332e+00,4.922999999999999687e+01
1.664695648193359467e+00,4.904999999999999716e+01
1.668072388648986770e+00,4.960999999999999943e+01
1.663380337333679293e+00,4.910999999999999943e+01
1.658619258689880471e+00,4.896000000000000085e+01
1.655016038894653319e+00,4.881000000000000227e+01
1.649089083480834939e+00,4.864999999999999858e+01
1.648837183761596714e+00,4.918999999999999773e+01
1.646018921852111738e+00,4.879999999999999716e+01
1.641733635711669859e+00,4.914999999999999858e+01
1.641338253593444874e+00,4.915999999999999659e+01
1.635400899314880308e+00,4.910999999999999943e+01
1.636931513023376361e+00,4.928000000000000114e+01
1.629339684486389217e+00,4.950000000000000000e+01
1.630436469841003433e+00,4.902000000000000313e+01
1.622395962905883726e+00,4.892000000000000171e+01
1.621742430305481042e+00,4.978000000000000114e+01
1.619533349800109878e+00,4.945000000000000284e+01
1.613648951911926366e+00,4.904999999999999716e+01
1.615005435180663973e+00,4.940999999999999659e+01
1.608607150268554609e+00,4.939000000000000057e+01
1.607903219223022484e+00,4.946000000000000085e+01
1.604489439010620133e+00,4.938000000000000256e+01
1.605327396774292037e+00,4.922999999999999687e+01
1.593950910377502472e+00,4.947999999999999687e+01
1.602730189514160131e+00,4.950999999999999801e+01
1.590843929100036691e+00,4.915999999999999659e+01
1.587671130561828514e+00,4.907999999999999829e+01
1.588836735343933215e+00,5.003000000000000114e+01
1.584853474807739193e+00,4.975999999999999801e+01
1.583746687507629369e+00,4.975999999999999801e+01
1.578350741767883259e+00,4.928000000000000114e+01
1.581944302940368585e+00,4.979999999999999716e+01
1.573839467430114825e+00,4.970000000000000284e+01
1.570676967239379884e+00,4.940999999999999659e+01
1.570639859771728597e+00,4.981000000000000227e+01
1.568708321952819729e+00,4.996000000000000085e+01
1.563943699264526366e+00,4.990999999999999659e+01
1.561853411102295031e+00,4.985999999999999943e+01
1.559593360519409222e+00,4.974000000000000199e+01
1.557422141075134325e+00,4.985000000000000142e+01
1.560211256790161150e+00,5.029999999999999716e+01
1.556589567565918042e+00,5.017000000000000171e+01
1.545924882316589422e+00,5.000999999999999801e+01
1.547897961616516049e+00,4.989999999999999858e+01
1.547454899597167977e+00,4.935999999999999943e+01
1.543238466262817354e+00,4.993999999999999773e+01
1.542822173500061123e+00,5.017000000000000171e+01
1.535175658035278223e+00,5.011999999999999744e+01
1.538446987533569343e+00,5.007999999999999829e+01
1.531416656112670971e+00,4.992000000000000171e+01
1.533207133293151836e+00,4.979999999999999716e+01
1.531150925731658896e+00,5.032999999999999829e+01
1.527944754219055179e+00,4.999000000000000199e+01
1.526787514495849596e+00,4.989999999999999858e+01
1.518025081062316817e+00,5.039999999999999858e+01
1.522417163085937553e+00,5.007999999999999829e+01
1.516113842582702542e+00,5.009000000000000341e+01
1.517859768486022887e+00,5.014000000000000057e+01
1.514112979507446388e+00,4.996000000000000085e+01
1.515554559898376397e+00,4.986999999999999744e+01
1.513496197891235351e+00,5.043999999999999773e+01
1.507287671470642021e+00,5.014999999999999858e+01
1.512529815006256051e+00,5.014000000000000057e+01
1.505984054183959975e+00,5.050999999999999801e+01
1.500427159118652432e+00,5.024000000000000199e+01
1.500584291648864754e+00,5.000999999999999801e+01
1.496407800579071079e+00,5.022999999999999687e+01
1.498720074081420828e+00,4.993999999999999773e+01
1.494579353237152075e+00,5.017999999999999972e+01
1.494867095947265634e+00,5.039000000000000057e+01
1.494667230415344328e+00,5.053999999999999915e+01
1.493290859985351604e+00,5.031000000000000227e+01
1.485158212089538576e+00,5.061999999999999744e+01
1.488051614379882759e+00,5.031000000000000227e+01
1.490025494384765725e+00,5.042999999999999972e+01
1.485145548629760670e+00,5.036999999999999744e+01
1.481353008747100741e+00,5.046000000000000085e+01
1.482435168457031160e+00,5.060999999999999943e+01
1.484531616687774669e+00,5.045000000000000284e+01
1.475129308891296454e+00,5.032000000000000028e+01
1.482317626571655333e+00,5.071999999999999886e+01
1.477321580696105974e+00,5.053000000000000114e+01
1.475716847801208598e+00,5.046999999999999886e+01
1.475886610221862849e+00,5.054999999999999716e+01
1.474260855484008870e+00,5.060999999999999943e+01
1.472048573303222696e+00,5.053000000000000114e+01
1.471671316528320395e+00,5.049000000000000199e+01
1.475253639030456476e+00,5.047999999999999687e+01
1.470423085975647082e+00,5.050999999999999801e+01
1.471158671569824161e+00,5.042000000000000171e+01
1.463450640487670817e+00,5.060999999999999943e+01
1.462084053802490180e+00,5.074000000000000199e+01
1.469839850139617932e+00,5.053000000000000114e+01
1.461224634456634419e+00,5.067999999999999972e+01
1.462099762535095104e+00,5.049000000000000199e+01
1.456971783065796000e+00,5.059000000000000341e+01
1.460596353721618668e+00,5.065999999999999659e+01
1.463774884510040231e+00,5.045000000000000284e+01
1.464061610221862875e+00,5.054999999999999716e+01
1.459224037265777651e+00,5.049000000000000199e+01
1.461172190761566236e+00,5.052000000000000313e+01
1.460945810031890835e+00,5.038000000000000256e+01
1.456876816368102956e+00,5.050999999999999801e+01
1.459340951156616217e+00,5.050000000000000000e+01
1.460507905864715683e+00,5.060999999999999943e+01
1.457634165287017725e+00,5.064000000000000057e+01
1.457582326126098726e+00,5.060000000000000142e+01
1.461731927680969267e+00,5.057000000000000028e+01
1.450621032905578645e+00,5.053000000000000114e+01
1.460286072826385562e+00,5.053999999999999915e+01
1.452428539848327649e+00,5.060000000000000142e+01
1.454735749626159702e+00,5.056000000000000227e+01
1.455787621784210284e+00,5.054999999999999716e+01
1.455061886978149310e+00,5.054999999999999716e+01
1.456398394966125442e+00,5.054999999999999716e+01
