Loss,Accuracy
4.260239463043212993e+00,8.800000000000000711e+00
3.792704876708984596e+00,1.441999999999999993e+01
3.563574120330810668e+00,1.689999999999999858e+01
3.421447856903076179e+00,1.941000000000000014e+01
3.327152120971679672e+00,2.060999999999999943e+01
3.257022444534301897e+00,2.208999999999999986e+01
3.208174757003784183e+00,2.358999999999999986e+01
3.167488940429687538e+00,2.353999999999999915e+01
3.121480652618408236e+00,2.426999999999999957e+01
3.081735882568359397e+00,2.419000000000000128e+01
3.047602295684814333e+00,2.558999999999999986e+01
3.023287064743041874e+00,2.594000000000000128e+01
2.993174556732177916e+00,2.612000000000000099e+01
2.970048692703247006e+00,2.617999999999999972e+01
2.947855679321289113e+00,2.653999999999999915e+01
2.923237825775146348e+00,2.669999999999999929e+01
2.899521781539916798e+00,2.860999999999999943e+01
2.879291690826415895e+00,2.839999999999999858e+01
2.860629608917236499e+00,2.801000000000000156e+01
2.840861658477783269e+00,2.778999999999999915e+01
2.825377954101562672e+00,2.967000000000000171e+01
2.793974488830566205e+00,2.896000000000000085e+01
2.776431064987182395e+00,2.958999999999999986e+01
2.751790487289428544e+00,2.953999999999999915e+01
2.730875638961792085e+00,2.992000000000000171e+01
2.708115431594848577e+00,3.021000000000000085e+01
2.689743347167968590e+00,3.073999999999999844e+01
2.672876609802246062e+00,3.060000000000000142e+01
2.660266061019897599e+00,3.105999999999999872e+01
2.648730269241332813e+00,3.100000000000000000e+01
2.630662269592284996e+00,3.058999999999999986e+01
2.619693062210083134e+00,3.146000000000000085e+01
2.599556143951415876e+00,3.192000000000000171e+01
2.586468177795409940e+00,3.166000000000000014e+01
2.571602038955688396e+00,3.256000000000000227e+01
2.554567926406860146e+00,3.285000000000000142e+01
2.537855987739563002e+00,3.289999999999999858e+01
2.524676457214355629e+00,3.386999999999999744e+01
2.510418276214599675e+00,3.350000000000000000e+01
2.494919301986694204e+00,3.374000000000000199e+01
2.481259198379516473e+00,3.385999999999999943e+01
2.474848280525207667e+00,3.304999999999999716e+01
2.453611387252807585e+00,3.363000000000000256e+01
2.445540935707092078e+00,3.421000000000000085e+01
2.426534951210022051e+00,3.418999999999999773e+01
2.421048485565185704e+00,3.447999999999999687e+01
2.401412522125244031e+00,3.482999999999999829e+01
2.394286974525451583e+00,3.422999999999999687e+01
2.372529054260253734e+00,3.539000000000000057e+01
2.358667670249939174e+00,3.577000000000000313e+01
2.354441531372070351e+00,3.520000000000000284e+01
2.337152569007873382e+00,3.599000000000000199e+01
2.333347291183471839e+00,3.585999999999999943e+01
2.321363137626648143e+00,3.657999999999999829e+01
2.311529885101318182e+00,3.614000000000000057e+01
2.303698779296874832e+00,3.635000000000000142e+01
2.289923767089843576e+00,3.609000000000000341e+01
2.280042129898071313e+00,3.592000000000000171e+01
2.277582454490661767e+00,3.650999999999999801e+01
2.263332331657409657e+00,3.667000000000000171e+01
2.252325583457946756e+00,3.661999999999999744e+01
2.249477815818786475e+00,3.696000000000000085e+01
2.242629856491088702e+00,3.700999999999999801e+01
2.236527236747741565e+00,3.738000000000000256e+01
2.222396112060546880e+00,3.667999999999999972e+01
2.215641585540771619e+00,3.707999999999999829e+01
2.207792211341857769e+00,3.685999999999999943e+01
2.203390357971191538e+00,3.735000000000000142e+01
2.196686354446411027e+00,3.710000000000000142e+01
2.184034522628784281e+00,3.803999999999999915e+01
2.183531260299682586e+00,3.725000000000000000e+01
2.177772070884704370e+00,3.757999999999999829e+01
2.162366529655456393e+00,3.800000000000000000e+01
2.160710915184020919e+00,3.781000000000000227e+01
2.154178050231933650e+00,3.802000000000000313e+01
2.138491881179809706e+00,3.829999999999999716e+01
2.134765288543701178e+00,3.810999999999999943e+01
2.137772251892089859e+00,3.845000000000000284e+01
2.123886915779113593e+00,3.867000000000000171e+01
2.121447195053100643e+00,3.778000000000000114e+01
2.116182448387145865e+00,3.807000000000000028e+01
2.109173673439026064e+00,3.853999999999999915e+01
2.097276966285705591e+00,3.810000000000000142e+01
2.098328274917602432e+00,3.847999999999999687e+01
2.091595949172973423e+00,3.860999999999999943e+01
2.086574668884277450e+00,3.875999999999999801e+01
2.081833431625366160e+00,3.881000000000000227e+01
2.073435102844238376e+00,3.877000000000000313e+01
2.068326667785644446e+00,3.936999999999999744e+01
2.068321871948242130e+00,3.925000000000000000e+01
2.059091311645507627e+00,3.888000000000000256e+01
2.055078520393371466e+00,3.888000000000000256e+01
2.044903081130981626e+00,3.914999999999999858e+01
2.044329896926879719e+00,3.868999999999999773e+01
2.035518213462829795e+00,3.889000000000000057e+01
2.029937145996093761e+00,3.920000000000000284e+01
2.024723297309875658e+00,3.879999999999999716e+01
2.021701433563232619e+00,3.911999999999999744e+01
2.012484787368774342e+00,3.867999999999999972e+01
2.013909187889099339e+00,3.967000000000000171e+01
2.000706721305847147e+00,3.914999999999999858e+01
1.999301964378356944e+00,3.946000000000000085e+01
1.990469754409790015e+00,3.981000000000000227e+01
1.989546825599670443e+00,3.957000000000000028e+01
1.981803649330139194e+00,3.968999999999999773e+01
1.978294949722290141e+00,3.965999999999999659e+01
1.969400454711914161e+00,4.028999999999999915e+01
1.964151823806762787e+00,3.981000000000000227e+01
1.954591906929016076e+00,3.947999999999999687e+01
1.956213137054443330e+00,3.959000000000000341e+01
1.958754665565490827e+00,4.035000000000000142e+01
1.941078448295593173e+00,3.992000000000000171e+01
1.949208113098144457e+00,3.982000000000000028e+01
1.935481650733947845e+00,3.995000000000000284e+01
1.930616219902038466e+00,4.078999999999999915e+01
1.924661492156982456e+00,3.952000000000000313e+01
1.921177103614807091e+00,4.028000000000000114e+01
1.916942785835266116e+00,3.990999999999999659e+01
1.907780029678344702e+00,4.036999999999999744e+01
1.906881819343566820e+00,4.050000000000000000e+01
1.894893701744079673e+00,4.017000000000000171e+01
1.893373062133788975e+00,3.990999999999999659e+01
1.890037833786010646e+00,4.000000000000000000e+01
1.883614793968200640e+00,4.077000000000000313e+01
1.877719174957275472e+00,4.061999999999999744e+01
1.874824657821655194e+00,4.146000000000000085e+01
1.866924600410461377e+00,4.057000000000000028e+01
1.866072487831115678e+00,4.075999999999999801e+01
1.862373837661743137e+00,4.134000000000000341e+01
1.858793049240112349e+00,4.064000000000000057e+01
1.850450516700744563e+00,4.075999999999999801e+01
1.846469233512878505e+00,4.077000000000000313e+01
1.841100651550293010e+00,4.071000000000000085e+01
1.836881548881530657e+00,4.075999999999999801e+01
1.827448672485351588e+00,4.088000000000000256e+01
1.823856839370727512e+00,4.122999999999999687e+01
1.821377904510498080e+00,4.113000000000000256e+01
1.813245621490478410e+00,4.164999999999999858e+01
1.811190939331054794e+00,4.139000000000000057e+01
1.803549096488952674e+00,4.134000000000000341e+01
1.795523178672790543e+00,4.075000000000000000e+01
1.798177543640136822e+00,4.107000000000000028e+01
1.794251687240600690e+00,4.078000000000000114e+01
1.784213779830932545e+00,4.109000000000000341e+01
1.788502442169189521e+00,4.153999999999999915e+01
1.777707157707214325e+00,4.088000000000000256e+01
1.773832200241088897e+00,4.167999999999999972e+01
1.770799936103820693e+00,4.171999999999999886e+01
1.771365738296508896e+00,4.203000000000000114e+01
1.767359304428100630e+00,4.164000000000000057e+01
1.759158711051940882e+00,4.159000000000000341e+01
1.759904450416564847e+00,4.129999999999999716e+01
1.745492919158935452e+00,4.167999999999999972e+01
1.746004066085815376e+00,4.182000000000000028e+01
1.746949413681030183e+00,4.167000000000000171e+01
1.734138395500183005e+00,4.181000000000000227e+01
1.732268878364563003e+00,4.189000000000000057e+01
1.727233863639831446e+00,4.210999999999999943e+01
1.727143770408630319e+00,4.182999999999999829e+01
1.723212990379333398e+00,4.118999999999999773e+01
1.713118136024475158e+00,4.250000000000000000e+01
1.711154914093017565e+00,4.250000000000000000e+01
1.710090352630615262e+00,4.228000000000000114e+01
1.699144699096679645e+00,4.232999999999999829e+01
1.702608267211914050e+00,4.200999999999999801e+01
1.698719850349426297e+00,4.207999999999999829e+01
1.697322327995300251e+00,4.254999999999999716e+01
1.685949668312072713e+00,4.217000000000000171e+01
1.680528306770324720e+00,4.188000000000000256e+01
1.676842303848266491e+00,4.200999999999999801e+01
1.671594089126587024e+00,4.275000000000000000e+01
1.666415277290344221e+00,4.242999999999999972e+01
1.665992602348327578e+00,4.207000000000000028e+01
1.664061145401001029e+00,4.243999999999999773e+01
1.661731693077087346e+00,4.217000000000000171e+01
1.653693274879455499e+00,4.246999999999999886e+01
1.648886034202575734e+00,4.274000000000000199e+01
1.642085202217101969e+00,4.279999999999999716e+01
1.640660182952880852e+00,4.203000000000000114e+01
1.639636498832702571e+00,4.232999999999999829e+01
1.632687454223632706e+00,4.217000000000000171e+01
1.631299856185913111e+00,4.189999999999999858e+01
1.628242742729187009e+00,4.260999999999999943e+01
1.625243495559692386e+00,4.265999999999999659e+01
1.621123754692077590e+00,4.229999999999999716e+01
1.614569912338256863e+00,4.228000000000000114e+01
1.612751302528381281e+00,4.243999999999999773e+01
1.609438444137573310e+00,4.246999999999999886e+01
1.605185815429687413e+00,4.265999999999999659e+01
1.599240279388427721e+00,4.238000000000000256e+01
1.599503907203674302e+00,4.265999999999999659e+01
1.592403170013427793e+00,4.213000000000000256e+01
1.588141605758667030e+00,4.285999999999999943e+01
1.585543838310241593e+00,4.242000000000000171e+01
1.582257388496398853e+00,4.272999999999999687e+01
1.578777732849121040e+00,4.259000000000000341e+01
1.574977802848815944e+00,4.259000000000000341e+01
1.570899949264526363e+00,4.260999999999999943e+01
1.570261384582519515e+00,4.253000000000000114e+01
1.567769707679748548e+00,4.263000000000000256e+01
1.561415685844421475e+00,4.278999999999999915e+01
1.565003595161438055e+00,4.297999999999999687e+01
1.553244576835632218e+00,4.267999999999999972e+01
1.546949453735351643e+00,4.272999999999999687e+01
1.551529632377624424e+00,4.275999999999999801e+01
1.539812338256835833e+00,4.239999999999999858e+01
1.544029440879821857e+00,4.260999999999999943e+01
1.544131447792053136e+00,4.264999999999999858e+01
1.538347887229919442e+00,4.253000000000000114e+01
1.538142510414123532e+00,4.264000000000000057e+01
1.534946521186828505e+00,4.282000000000000028e+01
1.525716897773742753e+00,4.264999999999999858e+01
1.526595616912841846e+00,4.282999999999999829e+01
1.518881773948669522e+00,4.307999999999999829e+01
1.514501379585266205e+00,4.257000000000000028e+01
1.513368448638916064e+00,4.267000000000000171e+01
1.509109772300720298e+00,4.264000000000000057e+01
1.506162842941284108e+00,4.302000000000000313e+01
1.499592415237426701e+00,4.261999999999999744e+01
1.498127200317382890e+00,4.238000000000000256e+01
1.497302454948425288e+00,4.282999999999999829e+01
1.491146151161193867e+00,4.249000000000000199e+01
1.492946450805664016e+00,4.256000000000000227e+01
1.485049979209899895e+00,4.313000000000000256e+01
1.487535156822204607e+00,4.286999999999999744e+01
1.480961471271514895e+00,4.303999999999999915e+01
1.479836137771606497e+00,4.278999999999999915e+01
1.474652124118804863e+00,4.286999999999999744e+01
1.473674541282653738e+00,4.277000000000000313e+01
1.470842892837524341e+00,4.300999999999999801e+01
1.471096817874908425e+00,4.295000000000000284e+01
1.464521387958526599e+00,4.300000000000000000e+01
1.459473966789245569e+00,4.304999999999999716e+01
1.467696222686767582e+00,4.328999999999999915e+01
1.454611063385009784e+00,4.315999999999999659e+01
1.459836974334716819e+00,4.285000000000000142e+01
1.454852029418945314e+00,4.300000000000000000e+01
1.448946208763122634e+00,4.313000000000000256e+01
1.446382708930969319e+00,4.314000000000000057e+01
1.447752589321136485e+00,4.302000000000000313e+01
1.446237794494628970e+00,4.260000000000000142e+01
1.443365608978271375e+00,4.297999999999999687e+01
1.434969864273071272e+00,4.321000000000000085e+01
1.436840658664703341e+00,4.311999999999999744e+01
1.432973520565032910e+00,4.328000000000000114e+01
1.431229871559143163e+00,4.284000000000000341e+01
1.427945153236389153e+00,4.289999999999999858e+01
1.429298895263671820e+00,4.299000000000000199e+01
1.429351979160308872e+00,4.307000000000000028e+01
1.423074137878417966e+00,4.310000000000000142e+01
1.422799774551391616e+00,4.296000000000000085e+01
1.418158257675171008e+00,4.292999999999999972e+01
1.417736561775207571e+00,4.314999999999999858e+01
1.415940716361999474e+00,4.268999999999999773e+01
1.410645166969299424e+00,4.317999999999999972e+01
1.410670655059814482e+00,4.306000000000000227e+01
1.414416815948486228e+00,4.321999999999999886e+01
1.410098050785064672e+00,4.304999999999999716e+01
1.408854185676574611e+00,4.295000000000000284e+01
1.405149213123321639e+00,4.320000000000000284e+01
1.407453368091583279e+00,4.320000000000000284e+01
1.401845644950866721e+00,4.306000000000000227e+01
1.401490736389160219e+00,4.290999999999999659e+01
1.402676282501220673e+00,4.293999999999999773e+01
1.401235144329071147e+00,4.284000000000000341e+01
1.396072729682922287e+00,4.313000000000000256e+01
1.394985109233856102e+00,4.292000000000000171e+01
1.393607727432250920e+00,4.300000000000000000e+01
1.395044595623016415e+00,4.310000000000000142e+01
1.395513703727722099e+00,4.317000000000000171e+01
1.391122555351257395e+00,4.311999999999999744e+01
1.390855438137054367e+00,4.292999999999999972e+01
1.389459304523467997e+00,4.285000000000000142e+01
1.393249930667877168e+00,4.314999999999999858e+01
1.383533831596374553e+00,4.300000000000000000e+01
1.383099915695190418e+00,4.311999999999999744e+01
1.385922165298461906e+00,4.296000000000000085e+01
1.381459339618682947e+00,4.289000000000000057e+01
1.382875506114959796e+00,4.296000000000000085e+01
1.381306677055358811e+00,4.306000000000000227e+01
1.376909471988678080e+00,4.285000000000000142e+01
1.378665810203552278e+00,4.307999999999999829e+01
1.384810442161560129e+00,4.292999999999999972e+01
1.376577190685272178e+00,4.296000000000000085e+01
1.374926170921325630e+00,4.292999999999999972e+01
1.379389391231536921e+00,4.310999999999999943e+01
1.374419466209411578e+00,4.299000000000000199e+01
1.379060203933715867e+00,4.300000000000000000e+01
1.371293860435485845e+00,4.303000000000000114e+01
1.373747922420501810e+00,4.299000000000000199e+01
1.380217289257049451e+00,4.310999999999999943e+01
1.374537609100341840e+00,4.310999999999999943e+01
1.374151730155944717e+00,4.306000000000000227e+01
1.376860847091674778e+00,4.307000000000000028e+01
1.374012603664398258e+00,4.307000000000000028e+01
1.371623552131652879e+00,4.303000000000000114e+01
1.374986146450042801e+00,4.304999999999999716e+01
1.370894442081451503e+00,4.303999999999999915e+01
1.375684630012512288e+00,4.302000000000000313e+01
1.369887313461303657e+00,4.303000000000000114e+01
