Loss,Accuracy
4.227619696426391904e+00,1.033999999999999986e+01
3.737868494796753094e+00,1.625000000000000000e+01
3.452814874649047905e+00,2.053999999999999915e+01
3.259374171447753987e+00,2.262000000000000099e+01
3.118651810455322249e+00,2.562000000000000099e+01
3.006234725189209200e+00,2.757999999999999829e+01
2.927211047363281082e+00,2.900000000000000000e+01
2.840988649368286101e+00,3.085999999999999943e+01
2.767391777801513797e+00,3.203000000000000114e+01
2.696513837814331183e+00,3.264999999999999858e+01
2.631389256668090759e+00,3.335000000000000142e+01
2.575729647445678783e+00,3.509000000000000341e+01
2.526710546112060474e+00,3.617000000000000171e+01
2.474413144493103012e+00,3.671000000000000085e+01
2.431725526809692450e+00,3.681000000000000227e+01
2.392262238311767764e+00,3.772999999999999687e+01
2.349081789970397960e+00,3.789000000000000057e+01
2.322334006690979002e+00,3.885000000000000142e+01
2.278889338302612089e+00,3.906000000000000227e+01
2.249125265121460160e+00,3.922999999999999687e+01
2.231382627868652158e+00,3.975999999999999801e+01
2.198020756721496660e+00,4.039999999999999858e+01
2.168217142677307141e+00,4.107000000000000028e+01
2.142166258049011063e+00,4.177000000000000313e+01
2.110063339233398505e+00,4.243999999999999773e+01
2.084868474960327234e+00,4.246999999999999886e+01
2.041779003715515017e+00,4.240999999999999659e+01
2.022917973327636787e+00,4.339000000000000057e+01
1.999409335136413501e+00,4.321000000000000085e+01
1.977443815994262666e+00,4.306000000000000227e+01
1.950064032554626570e+00,4.425000000000000000e+01
1.937217561912536690e+00,4.414000000000000057e+01
1.911477403450012158e+00,4.563000000000000256e+01
1.883807755661010663e+00,4.521999999999999886e+01
1.869155457878112880e+00,4.593999999999999773e+01
1.844576120376586914e+00,4.560999999999999943e+01
1.822994802856445329e+00,4.602000000000000313e+01
1.802223909950256386e+00,4.585999999999999943e+01
1.786415786361694291e+00,4.628999999999999915e+01
1.766957748413085838e+00,4.743999999999999773e+01
1.745309116935729987e+00,4.714000000000000057e+01
1.735761606407165480e+00,4.735999999999999943e+01
1.724212483596801793e+00,4.796000000000000085e+01
1.695629814338684094e+00,4.861999999999999744e+01
1.696101320648193411e+00,4.772999999999999687e+01
1.688673459434509194e+00,4.857000000000000028e+01
1.675111094856262195e+00,4.900999999999999801e+01
1.663065995979309042e+00,4.834000000000000341e+01
1.648659717750549314e+00,4.903000000000000114e+01
1.633295349502563498e+00,4.931000000000000227e+01
1.633238383102417091e+00,4.964000000000000057e+01
1.623164044761657765e+00,4.900000000000000000e+01
1.607983169174194371e+00,4.961999999999999744e+01
1.600782740783691427e+00,4.925999999999999801e+01
1.582070977401733414e+00,4.942999999999999972e+01
1.579515992355346787e+00,4.943999999999999773e+01
1.567557777214050319e+00,4.990999999999999659e+01
1.563300777435302713e+00,4.981000000000000227e+01
1.552620433807373024e+00,4.903999999999999915e+01
1.552963507080078021e+00,5.032999999999999829e+01
1.536743210983276375e+00,5.064000000000000057e+01
1.528354154109954788e+00,4.993999999999999773e+01
1.525268192863464378e+00,5.077000000000000313e+01
1.516816843795776304e+00,5.082999999999999829e+01
1.507341244316101170e+00,4.970000000000000284e+01
1.503983743095397951e+00,5.057999999999999829e+01
1.493819021415710546e+00,5.029999999999999716e+01
1.489368487262725749e+00,5.093999999999999773e+01
1.484312517356872529e+00,5.007000000000000028e+01
1.471486703968048149e+00,5.082000000000000028e+01
1.466808164596557607e+00,5.017999999999999972e+01
1.463685188198089682e+00,4.986999999999999744e+01
1.455153343391418552e+00,5.059000000000000341e+01
1.447061644458770724e+00,5.065999999999999659e+01
1.434577514266967668e+00,5.074000000000000199e+01
1.433949442672729502e+00,5.071000000000000085e+01
1.417917928600311184e+00,5.139999999999999858e+01
1.413694190502166714e+00,5.120000000000000284e+01
1.402528736209869287e+00,5.145000000000000284e+01
1.393616218090057313e+00,5.196999999999999886e+01
1.389007562637329052e+00,5.202000000000000313e+01
1.381965532398223839e+00,5.121000000000000085e+01
1.366025054645538361e+00,5.232000000000000028e+01
1.358357133007049633e+00,5.247999999999999687e+01
1.353391911029815597e+00,5.192999999999999972e+01
1.338452909755706743e+00,5.246000000000000085e+01
1.342498222637176442e+00,5.272999999999999687e+01
1.328011082839965828e+00,5.242999999999999972e+01
1.319153559684753452e+00,5.235999999999999943e+01
1.309018032455444347e+00,5.189000000000000057e+01
1.305280159187316880e+00,5.345000000000000284e+01
1.293319953441619763e+00,5.199000000000000199e+01
1.286958339977264387e+00,5.254999999999999716e+01
1.287483018970489557e+00,5.257999999999999829e+01
1.276956367301940842e+00,5.389999999999999858e+01
1.275273614692687962e+00,5.288000000000000256e+01
1.269748376083374097e+00,5.364999999999999858e+01
1.259246128368377793e+00,5.271000000000000085e+01
1.254345114040374742e+00,5.375999999999999801e+01
1.242162457847595158e+00,5.239999999999999858e+01
1.241279010963439955e+00,5.332000000000000028e+01
1.241190215015411269e+00,5.313000000000000256e+01
1.229251771163940354e+00,5.371999999999999886e+01
1.222213265228271561e+00,5.300999999999999801e+01
1.215431239509582539e+00,5.264999999999999858e+01
1.216378890228271503e+00,5.410999999999999943e+01
1.199028401756286666e+00,5.417000000000000171e+01
1.195038384056091418e+00,5.363000000000000256e+01
1.191942888069152939e+00,5.332999999999999829e+01
1.183039515972137412e+00,5.332999999999999829e+01
1.176117968368530331e+00,5.353999999999999915e+01
1.176076365947723357e+00,5.386999999999999744e+01
1.166391201877593931e+00,5.377000000000000313e+01
1.164723179531097497e+00,5.447999999999999687e+01
1.155105110931396561e+00,5.353000000000000114e+01
1.153559595680236916e+00,5.365999999999999659e+01
1.143505529212951677e+00,5.446000000000000085e+01
1.141236329460143972e+00,5.395000000000000284e+01
1.129532647514343235e+00,5.509000000000000341e+01
1.130918400382995515e+00,5.475999999999999801e+01
1.123724967098236105e+00,5.400999999999999801e+01
1.118286745071411126e+00,5.371999999999999886e+01
1.103045019054412768e+00,5.475999999999999801e+01
1.108941380405426003e+00,5.375000000000000000e+01
1.098458265686035107e+00,5.356000000000000227e+01
1.091938394069671636e+00,5.479999999999999716e+01
1.089535627841949461e+00,5.485999999999999943e+01
1.082479858112335158e+00,5.463000000000000256e+01
1.076340548133850161e+00,5.436999999999999744e+01
1.074537635040283101e+00,5.475999999999999801e+01
1.062214772796630902e+00,5.450000000000000000e+01
1.058728035640716492e+00,5.490999999999999659e+01
1.049329213237762515e+00,5.492999999999999972e+01
1.051504459476470865e+00,5.459000000000000341e+01
1.039253592395782411e+00,5.485999999999999943e+01
1.035627016639709463e+00,5.486999999999999744e+01
1.029617790126800436e+00,5.452000000000000313e+01
1.024205216026306209e+00,5.461999999999999744e+01
1.019900810337066588e+00,5.432999999999999829e+01
1.018087190818786514e+00,5.410000000000000142e+01
1.009371901798248317e+00,5.527000000000000313e+01
1.002411255073547336e+00,5.481000000000000227e+01
1.001802832126617471e+00,5.479999999999999716e+01
9.957553828239440463e-01,5.471000000000000085e+01
9.890234230041503594e-01,5.465999999999999659e+01
9.808658889770507372e-01,5.539000000000000057e+01
9.784966488838195975e-01,5.485000000000000142e+01
9.803109226226807138e-01,5.534000000000000341e+01
9.624986363410950041e-01,5.514000000000000057e+01
9.668134168624877844e-01,5.521999999999999886e+01
9.612770558357238704e-01,5.479999999999999716e+01
9.551115998268127072e-01,5.447999999999999687e+01
9.505943400382995678e-01,5.560999999999999943e+01
9.396944882392883613e-01,5.528999999999999915e+01
9.401297520637512672e-01,5.492000000000000171e+01
9.333822817802429617e-01,5.493999999999999773e+01
9.300748473167419483e-01,5.550999999999999801e+01
9.235995892524718753e-01,5.488000000000000256e+01
9.175308853149414245e-01,5.546999999999999886e+01
9.054135857582091829e-01,5.550999999999999801e+01
9.060727399826049577e-01,5.550000000000000000e+01
9.064488478660583937e-01,5.572999999999999687e+01
8.956389643669128153e-01,5.527000000000000313e+01
8.935460522651672566e-01,5.560000000000000142e+01
8.812806488037109309e-01,5.532999999999999829e+01
8.780687160491943422e-01,5.542999999999999972e+01
8.767719326972961413e-01,5.532000000000000028e+01
8.773408614158629826e-01,5.582999999999999829e+01
8.613680256366729182e-01,5.582000000000000028e+01
8.635585468769073625e-01,5.543999999999999773e+01
8.555019448757171796e-01,5.550000000000000000e+01
8.440289878845215199e-01,5.481000000000000227e+01
8.482469900131225371e-01,5.540999999999999659e+01
8.418339205741882658e-01,5.592999999999999972e+01
8.344899952888489292e-01,5.535999999999999943e+01
8.336460745334625111e-01,5.559000000000000341e+01
8.246251784324646339e-01,5.539999999999999858e+01
8.200977792739868599e-01,5.515999999999999659e+01
8.174782619953155915e-01,5.552000000000000313e+01
8.157902151107787603e-01,5.515999999999999659e+01
8.035602806568146184e-01,5.589000000000000057e+01
8.040729352951049291e-01,5.564000000000000057e+01
8.013298201560974388e-01,5.581000000000000227e+01
7.907168452739715692e-01,5.582999999999999829e+01
7.883069774150848197e-01,5.585000000000000142e+01
7.849381511688232615e-01,5.540999999999999659e+01
7.783692199707030746e-01,5.585000000000000142e+01
7.699230675697326109e-01,5.542999999999999972e+01
7.713528880119323583e-01,5.557000000000000028e+01
7.597506719112395723e-01,5.613000000000000256e+01
7.603047968864441453e-01,5.578999999999999915e+01
7.540445349216461368e-01,5.589000000000000057e+01
7.513502292633056356e-01,5.596999999999999886e+01
7.444535571098327420e-01,5.565999999999999659e+01
7.394574141025542779e-01,5.578000000000000114e+01
7.395647663593292176e-01,5.575999999999999801e+01
7.334860974788666166e-01,5.596999999999999886e+01
7.355574394702911745e-01,5.603000000000000114e+01
7.294818311691284585e-01,5.606000000000000227e+01
7.209541973114013125e-01,5.567999999999999972e+01
7.121035975456238010e-01,5.596999999999999886e+01
7.083904436111450043e-01,5.565999999999999659e+01
7.127830648422240900e-01,5.564000000000000057e+01
7.038402286529541474e-01,5.579999999999999716e+01
7.022621716976166217e-01,5.546999999999999886e+01
6.938499590396881578e-01,5.606000000000000227e+01
6.897034207820892382e-01,5.600999999999999801e+01
6.838467548847197985e-01,5.585999999999999943e+01
6.869789765834808382e-01,5.540999999999999659e+01
6.787560946464538114e-01,5.603999999999999915e+01
6.765752604484558397e-01,5.570000000000000284e+01
6.663331449985504529e-01,5.585000000000000142e+01
6.630360275745391663e-01,5.559000000000000341e+01
6.584944664478301624e-01,5.588000000000000256e+01
6.609478542804717582e-01,5.571000000000000085e+01
6.598372898578643841e-01,5.585999999999999943e+01
6.505889569759368829e-01,5.585000000000000142e+01
6.464188580036163145e-01,5.607999999999999829e+01
6.461965184688568398e-01,5.571999999999999886e+01
6.379026564121246246e-01,5.589999999999999858e+01
6.365939526081084709e-01,5.539000000000000057e+01
6.315714611530304223e-01,5.592000000000000171e+01
6.238149539470672078e-01,5.540999999999999659e+01
6.221355615139007034e-01,5.592000000000000171e+01
6.143999818801879620e-01,5.593999999999999773e+01
6.213965108394622350e-01,5.542999999999999972e+01
6.111136175155639227e-01,5.624000000000000199e+01
6.147629064083098838e-01,5.596000000000000085e+01
6.085408552169799812e-01,5.579999999999999716e+01
6.038962041378020951e-01,5.600000000000000000e+01
5.972143893003464266e-01,5.596000000000000085e+01
5.995414994239807172e-01,5.596000000000000085e+01
5.958242264747619643e-01,5.579999999999999716e+01
5.865165764808655258e-01,5.606000000000000227e+01
5.887557161331177236e-01,5.564999999999999858e+01
5.832294805526733183e-01,5.584000000000000341e+01
5.810538660526275434e-01,5.578999999999999915e+01
5.793241796493530105e-01,5.571000000000000085e+01
5.811474372386932208e-01,5.607000000000000028e+01
5.761342480182647385e-01,5.586999999999999744e+01
5.747332031249999806e-01,5.618999999999999773e+01
5.694268814086913544e-01,5.584000000000000341e+01
5.646057514190674365e-01,5.570000000000000284e+01
5.643362860679626003e-01,5.567999999999999972e+01
5.609510730743407780e-01,5.582999999999999829e+01
5.571638997554778650e-01,5.578999999999999915e+01
5.521283576488494882e-01,5.542999999999999972e+01
5.466070349693298303e-01,5.597999999999999687e+01
5.485863785743713139e-01,5.563000000000000256e+01
5.464633813858031930e-01,5.557999999999999829e+01
5.447170803546905749e-01,5.592000000000000171e+01
5.399292815446853355e-01,5.577000000000000313e+01
5.412789503097533705e-01,5.585999999999999943e+01
5.397238019943236820e-01,5.568999999999999773e+01
5.359018656730651919e-01,5.590999999999999659e+01
5.311029993534087668e-01,5.596000000000000085e+01
5.287020278930664174e-01,5.578000000000000114e+01
5.308622429847716928e-01,5.578000000000000114e+01
5.237895664691925024e-01,5.571000000000000085e+01
5.326562386035919028e-01,5.575000000000000000e+01
5.229855515956878254e-01,5.570000000000000284e+01
5.234542331695556383e-01,5.589999999999999858e+01
5.155815511703490950e-01,5.604999999999999716e+01
5.219396440505981172e-01,5.597999999999999687e+01
5.126476102828979586e-01,5.603000000000000114e+01
5.171573123455047716e-01,5.575999999999999801e+01
5.149481026172637588e-01,5.577000000000000313e+01
5.101193769931793298e-01,5.574000000000000199e+01
5.098817636013031063e-01,5.582999999999999829e+01
5.103605495929718350e-01,5.585999999999999943e+01
5.117472069263457879e-01,5.589000000000000057e+01
5.045519743442535843e-01,5.572999999999999687e+01
5.083522264003753621e-01,5.597999999999999687e+01
5.065831328868866112e-01,5.574000000000000199e+01
5.054878564357757620e-01,5.561999999999999744e+01
5.056904510498047012e-01,5.570000000000000284e+01
5.008106649875641025e-01,5.564000000000000057e+01
5.039568734645843984e-01,5.582000000000000028e+01
5.011874673366546462e-01,5.585000000000000142e+01
4.999207779407501273e-01,5.563000000000000256e+01
4.985286052465439099e-01,5.571000000000000085e+01
4.992098247051239279e-01,5.568999999999999773e+01
4.952255550384521698e-01,5.575999999999999801e+01
4.939594530820846652e-01,5.570000000000000284e+01
4.954725622177124089e-01,5.552000000000000313e+01
4.968173186779022421e-01,5.561999999999999744e+01
4.954979171276092664e-01,5.550999999999999801e+01
4.907014580726623554e-01,5.553999999999999915e+01
4.912046087741852030e-01,5.567000000000000171e+01
4.949951894521713025e-01,5.574000000000000199e+01
4.881992923736572232e-01,5.574000000000000199e+01
4.917233633995056197e-01,5.578999999999999915e+01
4.891932434082031378e-01,5.582000000000000028e+01
4.918864880800247197e-01,5.572999999999999687e+01
4.902531561851501407e-01,5.581000000000000227e+01
4.921873898506164413e-01,5.584000000000000341e+01
4.911467390537261890e-01,5.582000000000000028e+01
4.894568737506866385e-01,5.581000000000000227e+01
4.906108192920684563e-01,5.582000000000000028e+01
4.918510914325713856e-01,5.582999999999999829e+01
