Loss,Accuracy
2.490311213684082148e+00,4.131000000000000227e+01
1.940204040336608982e+00,4.343999999999999773e+01
1.910663693237304672e+00,4.336999999999999744e+01
1.896056237983703596e+00,4.450000000000000000e+01
1.880522664260864341e+00,4.328999999999999915e+01
1.866233493614196881e+00,4.413000000000000256e+01
1.859197062873840345e+00,4.407999999999999829e+01
1.838072567749023500e+00,4.522999999999999687e+01
1.827672859382629467e+00,4.475999999999999801e+01
1.815676053428649794e+00,4.492999999999999972e+01
1.806827805900573791e+00,4.596000000000000085e+01
1.788731698417663551e+00,4.588000000000000256e+01
1.784711158370971607e+00,4.556000000000000227e+01
1.774697707366943433e+00,4.620000000000000284e+01
1.764279096221923915e+00,4.510999999999999943e+01
1.752949280166625989e+00,4.560999999999999943e+01
1.754378395652770983e+00,4.646000000000000085e+01
1.745810730934143074e+00,4.661999999999999744e+01
1.733468001937866321e+00,4.585999999999999943e+01
1.732643591117858817e+00,4.579999999999999716e+01
1.722277882766723556e+00,4.614000000000000057e+01
1.718857118606567314e+00,4.686999999999999744e+01
1.709478413391113172e+00,4.697999999999999687e+01
1.701511234664917049e+00,4.643999999999999773e+01
1.695283521080017008e+00,4.721000000000000085e+01
1.689333090972900298e+00,4.657000000000000028e+01
1.686526697158813537e+00,4.728000000000000114e+01
1.681295848655700587e+00,4.750000000000000000e+01
1.672572393798828161e+00,4.753999999999999915e+01
1.668905837059021069e+00,4.731000000000000227e+01
1.673735777664184576e+00,4.678999999999999915e+01
1.660972207450866600e+00,4.684000000000000341e+01
1.655949603652954183e+00,4.724000000000000199e+01
1.646062054252624529e+00,4.754999999999999716e+01
1.643533420753479080e+00,4.713000000000000256e+01
1.637300985336303638e+00,4.717999999999999972e+01
1.626855912780761804e+00,4.746000000000000085e+01
1.627061290359496981e+00,4.743999999999999773e+01
1.618991510391235344e+00,4.818999999999999773e+01
1.610619541549682676e+00,4.800999999999999801e+01
1.601167777252197277e+00,4.839999999999999858e+01
1.601612117767333920e+00,4.814999999999999858e+01
1.593634520530700760e+00,4.835000000000000142e+01
1.586253728675842245e+00,4.757999999999999829e+01
1.584229829978942794e+00,4.872999999999999687e+01
1.579553585243225200e+00,4.842999999999999972e+01
1.571872155952453554e+00,4.846999999999999886e+01
1.573187238693237289e+00,4.939999999999999858e+01
1.573282298278808611e+00,4.864000000000000057e+01
1.562405014038085849e+00,4.861999999999999744e+01
1.561370211791992091e+00,4.889999999999999858e+01
1.556411900138854998e+00,4.914999999999999858e+01
1.554814944458007719e+00,4.949000000000000199e+01
1.546524092674255391e+00,4.829999999999999716e+01
1.547626917648315503e+00,4.842999999999999972e+01
1.540029509735107327e+00,4.903999999999999915e+01
1.543017102813720731e+00,4.946000000000000085e+01
1.536544687461853131e+00,4.934000000000000341e+01
1.531262720680236722e+00,4.932999999999999829e+01
1.525821925735473705e+00,4.978999999999999915e+01
1.526684524345397920e+00,4.977000000000000313e+01
1.524343088150024395e+00,4.984000000000000341e+01
1.514778513526916504e+00,4.917000000000000171e+01
1.514042599487304797e+00,5.010000000000000142e+01
1.511350350761413663e+00,4.913000000000000256e+01
1.512387144660949811e+00,4.946000000000000085e+01
1.504444099617004316e+00,4.936999999999999744e+01
1.496507044792175334e+00,5.024000000000000199e+01
1.502462405776977539e+00,4.989999999999999858e+01
1.495353421401977467e+00,5.006000000000000227e+01
1.491348055648803683e+00,4.971999999999999886e+01
1.490315299415588379e+00,5.057999999999999829e+01
1.490939563751220609e+00,5.024000000000000199e+01
1.480882204437255822e+00,5.000999999999999801e+01
1.481458607101440395e+00,4.999000000000000199e+01
1.475765179824829021e+00,5.057000000000000028e+01
1.476450727462768509e+00,5.059000000000000341e+01
1.471339341735839801e+00,5.047999999999999687e+01
1.467828936386108341e+00,5.070000000000000284e+01
1.464718368530273374e+00,5.029999999999999716e+01
1.467307009315490740e+00,5.049000000000000199e+01
1.464865930557250895e+00,4.979999999999999716e+01
1.459844008350372313e+00,5.056000000000000227e+01
1.451794783210754503e+00,5.093999999999999773e+01
1.443515839767456121e+00,5.085000000000000142e+01
1.449371306419372507e+00,5.110999999999999943e+01
1.440491535377502519e+00,5.097999999999999687e+01
1.441695554161071868e+00,5.075999999999999801e+01
1.442434447860717839e+00,5.056000000000000227e+01
1.436926637268066465e+00,5.088000000000000256e+01
1.437518916130065882e+00,5.075000000000000000e+01
1.430603289604186923e+00,5.135999999999999943e+01
1.426377828025817918e+00,5.046999999999999886e+01
1.426614344215393126e+00,5.136999999999999744e+01
1.424512091827392579e+00,5.089999999999999858e+01
1.421066936492919819e+00,5.067999999999999972e+01
1.420451302909851110e+00,5.067999999999999972e+01
1.417938083648681680e+00,5.089000000000000057e+01
1.412642408561706642e+00,5.106000000000000227e+01
1.408663582992553787e+00,5.114999999999999858e+01
1.402685161399841229e+00,5.070000000000000284e+01
1.405448711013793872e+00,5.177000000000000313e+01
1.403409227180481000e+00,5.079999999999999716e+01
1.405578917407989570e+00,5.081000000000000227e+01
1.395957610893249434e+00,5.175999999999999801e+01
1.392931342411041218e+00,5.142000000000000171e+01
1.390505600452422996e+00,5.067999999999999972e+01
1.389906868076324464e+00,5.132000000000000028e+01
1.385227659797668487e+00,5.143999999999999773e+01
1.388021382427215622e+00,5.103999999999999915e+01
1.386063837623596084e+00,5.150999999999999801e+01
1.376075134658813370e+00,5.117999999999999972e+01
1.383005954360961853e+00,5.100999999999999801e+01
1.368765751934051478e+00,5.160000000000000142e+01
1.371836635398864690e+00,5.179999999999999716e+01
1.371068288326263485e+00,5.142999999999999972e+01
1.367804161071777269e+00,5.132999999999999829e+01
1.363516032600402772e+00,5.181000000000000227e+01
1.365222824382781974e+00,5.192000000000000171e+01
1.358670907497405933e+00,5.153000000000000114e+01
1.353410020446777384e+00,5.117000000000000171e+01
1.353624239253997885e+00,5.146000000000000085e+01
1.350784192371368375e+00,5.200999999999999801e+01
1.348623219013214136e+00,5.209000000000000341e+01
1.346020244312286396e+00,5.170000000000000284e+01
1.346731599903106646e+00,5.178000000000000114e+01
1.341933359050750729e+00,5.203999999999999915e+01
1.330623830509185757e+00,5.192999999999999972e+01
1.334671112346649258e+00,5.213000000000000256e+01
1.336586842155456534e+00,5.204999999999999716e+01
1.337499657344818127e+00,5.214999999999999858e+01
1.332537534523010159e+00,5.217999999999999972e+01
1.324352712821960543e+00,5.179999999999999716e+01
1.323359951686859048e+00,5.217999999999999972e+01
1.323994715404510414e+00,5.211999999999999744e+01
1.321304575634002720e+00,5.190999999999999659e+01
1.320138857078552164e+00,5.182999999999999829e+01
1.315731155586242762e+00,5.242000000000000171e+01
1.310340357494354180e+00,5.232999999999999829e+01
1.314751655292510923e+00,5.214999999999999858e+01
1.304907716751098734e+00,5.274000000000000199e+01
1.306677308559417661e+00,5.242000000000000171e+01
1.299570028114318765e+00,5.247999999999999687e+01
1.300461510944366461e+00,5.240999999999999659e+01
1.296359135818481390e+00,5.234000000000000341e+01
1.293858929824829085e+00,5.274000000000000199e+01
1.292575069904327467e+00,5.210000000000000142e+01
1.290810011959075965e+00,5.242000000000000171e+01
1.285877274894714262e+00,5.243999999999999773e+01
1.290654930591583316e+00,5.253999999999999915e+01
1.285015245246887261e+00,5.281000000000000227e+01
1.277778558540344278e+00,5.245000000000000284e+01
1.280300756359100234e+00,5.209000000000000341e+01
1.277115147686004537e+00,5.296999999999999886e+01
1.270695472049713226e+00,5.242999999999999972e+01
1.274021057701110848e+00,5.275000000000000000e+01
1.269729827213287310e+00,5.225999999999999801e+01
1.268337643051147490e+00,5.292999999999999972e+01
1.265415392589569032e+00,5.263000000000000256e+01
1.259758435916900732e+00,5.206000000000000227e+01
1.261376251888275180e+00,5.325000000000000000e+01
1.255099031734466575e+00,5.332000000000000028e+01
1.257034863185882534e+00,5.310000000000000142e+01
1.252885710620880166e+00,5.339000000000000057e+01
1.249245835685729888e+00,5.359000000000000341e+01
1.245497453403472843e+00,5.285999999999999943e+01
1.246106662368774431e+00,5.286999999999999744e+01
1.238852449226379493e+00,5.303000000000000114e+01
1.236121243000030567e+00,5.360999999999999943e+01
1.240778768920898445e+00,5.249000000000000199e+01
1.229710493183135966e+00,5.356000000000000227e+01
1.236836550331115614e+00,5.290999999999999659e+01
1.231850771903991726e+00,5.281000000000000227e+01
1.229866821670532184e+00,5.335999999999999943e+01
1.227040221023559585e+00,5.260999999999999943e+01
1.224554213237762479e+00,5.306000000000000227e+01
1.219986111259460548e+00,5.367999999999999972e+01
1.218896498203277501e+00,5.354999999999999716e+01
1.217461018753051682e+00,5.388000000000000256e+01
1.218423439693451016e+00,5.364000000000000057e+01
1.206422592830658003e+00,5.328999999999999915e+01
1.210044725990295333e+00,5.363000000000000256e+01
1.209919525051116995e+00,5.379999999999999716e+01
1.210327242374420242e+00,5.349000000000000199e+01
1.201854133415222181e+00,5.357999999999999829e+01
1.199276890182495059e+00,5.413000000000000256e+01
1.197892251110076911e+00,5.332999999999999829e+01
1.197901287364959710e+00,5.389000000000000057e+01
1.191555107498168953e+00,5.345000000000000284e+01
1.193121763706207261e+00,5.360999999999999943e+01
1.190932901954650847e+00,5.371000000000000085e+01
1.185211199665069604e+00,5.388000000000000256e+01
1.183868811321258541e+00,5.353000000000000114e+01
1.186056395721435619e+00,5.372999999999999687e+01
1.181863121986389098e+00,5.367999999999999972e+01
1.174922901630401695e+00,5.367999999999999972e+01
1.179962675189971888e+00,5.413000000000000256e+01
1.174674816799163857e+00,5.364000000000000057e+01
1.170774243068695153e+00,5.384000000000000341e+01
1.168653298568725685e+00,5.361999999999999744e+01
1.166783914661407406e+00,5.379999999999999716e+01
1.166539644908904938e+00,5.367999999999999972e+01
1.169991189861297576e+00,5.389000000000000057e+01
1.162817118453979504e+00,5.404999999999999716e+01
1.161125356101989636e+00,5.382999999999999829e+01
1.161134673213958690e+00,5.403999999999999915e+01
1.157316768741607715e+00,5.357999999999999829e+01
1.153246662902831954e+00,5.404999999999999716e+01
1.151400426769256580e+00,5.413000000000000256e+01
1.149729355049133206e+00,5.365999999999999659e+01
1.146903470516204893e+00,5.342999999999999972e+01
1.144470989608764588e+00,5.414999999999999858e+01
1.142079162311554041e+00,5.374000000000000199e+01
1.139795110130310096e+00,5.438000000000000256e+01
1.142315419006347588e+00,5.438000000000000256e+01
1.141625068664550824e+00,5.402000000000000313e+01
1.132578336811065567e+00,5.400999999999999801e+01
1.135995467090606725e+00,5.432999999999999829e+01
1.134069788742065432e+00,5.385999999999999943e+01
1.130962556648254402e+00,5.431000000000000227e+01
1.129029660987854067e+00,5.389999999999999858e+01
1.125328653430938797e+00,5.422999999999999687e+01
1.126846765613555901e+00,5.400000000000000000e+01
1.123696051120758099e+00,5.432000000000000028e+01
1.120106393146514945e+00,5.457000000000000028e+01
1.123268386077880931e+00,5.422999999999999687e+01
1.117195431327819843e+00,5.427000000000000313e+01
1.118447631645202556e+00,5.431000000000000227e+01
1.116898589134216246e+00,5.435000000000000142e+01
1.111679393005370997e+00,5.465999999999999659e+01
1.110729864978790227e+00,5.417000000000000171e+01
1.113296427822113133e+00,5.481000000000000227e+01
1.104824096393585142e+00,5.457999999999999829e+01
1.106307081127166692e+00,5.460999999999999943e+01
1.104505768966674850e+00,5.493999999999999773e+01
1.099262532138824522e+00,5.450999999999999801e+01
1.101947726345062328e+00,5.452000000000000313e+01
1.102562057876586898e+00,5.450999999999999801e+01
1.099149259853362981e+00,5.475999999999999801e+01
1.095135498809814534e+00,5.481000000000000227e+01
1.093497704124450687e+00,5.450999999999999801e+01
1.091798432064056357e+00,5.445000000000000284e+01
1.092195332050323486e+00,5.442999999999999972e+01
1.089300718116760214e+00,5.457999999999999829e+01
1.085786708068847695e+00,5.456000000000000227e+01
1.084428543567657499e+00,5.489000000000000057e+01
1.085822249889373703e+00,5.472999999999999687e+01
1.079691264629363934e+00,5.496999999999999886e+01
1.081552916336059544e+00,5.467999999999999972e+01
1.082679679679870555e+00,5.503999999999999915e+01
1.078195488262176482e+00,5.461999999999999744e+01
1.078939301681518526e+00,5.467000000000000171e+01
1.077132049369811995e+00,5.472999999999999687e+01
1.073965673542022659e+00,5.474000000000000199e+01
1.072809915161132777e+00,5.453999999999999915e+01
1.075391857433318998e+00,5.457999999999999829e+01
1.073165331840515213e+00,5.459000000000000341e+01
1.069017297935485944e+00,5.488000000000000256e+01
1.067838960552215610e+00,5.479999999999999716e+01
1.070163548278808552e+00,5.503000000000000114e+01
1.067761575698852550e+00,5.470000000000000284e+01
1.065961119270324664e+00,5.470000000000000284e+01
1.062612525558471743e+00,5.507999999999999829e+01
1.065164110565185451e+00,5.486999999999999744e+01
1.061979339122772314e+00,5.478999999999999915e+01
1.062359117317199786e+00,5.468999999999999773e+01
1.062274667739868228e+00,5.493999999999999773e+01
1.064004981803894134e+00,5.464000000000000057e+01
1.057112375354766876e+00,5.482000000000000028e+01
1.063150526332855117e+00,5.470000000000000284e+01
1.058710245037078890e+00,5.471000000000000085e+01
1.054277381038665862e+00,5.492999999999999972e+01
1.053341986751556325e+00,5.495000000000000284e+01
1.054017041587829606e+00,5.493999999999999773e+01
1.054365588378906260e+00,5.485999999999999943e+01
1.052074567985534559e+00,5.493999999999999773e+01
1.049215420341491622e+00,5.484000000000000341e+01
1.052286699390411417e+00,5.489999999999999858e+01
1.051412963962554903e+00,5.489000000000000057e+01
1.050759629726409905e+00,5.485000000000000142e+01
1.047832154083252032e+00,5.488000000000000256e+01
1.050340290641784691e+00,5.486999999999999744e+01
1.049160247135162427e+00,5.490999999999999659e+01
1.050413850688934225e+00,5.485000000000000142e+01
1.046747264289855872e+00,5.484000000000000341e+01
1.046217991161346506e+00,5.482999999999999829e+01
1.048454229450225927e+00,5.495000000000000284e+01
1.049850083732605022e+00,5.489999999999999858e+01
1.045258872509002623e+00,5.482000000000000028e+01
1.048454991912841860e+00,5.478999999999999915e+01
1.045671801185607874e+00,5.481000000000000227e+01
1.044841172790527351e+00,5.485999999999999943e+01
1.047540666484832794e+00,5.478999999999999915e+01
1.045278846359252833e+00,5.478000000000000114e+01
1.042645558261871441e+00,5.484000000000000341e+01
1.047497859191894420e+00,5.484000000000000341e+01
1.042559096717834421e+00,5.486999999999999744e+01
1.045262614250183075e+00,5.484000000000000341e+01
1.042282629966735819e+00,5.484000000000000341e+01
1.042918922138214022e+00,5.484000000000000341e+01
