Loss,Accuracy
4.475630895996093983e+00,4.610000000000000320e+00
4.113378276824951385e+00,9.640000000000000568e+00
3.867720098495483594e+00,1.391000000000000014e+01
3.709155790710449097e+00,1.617000000000000171e+01
3.580212337493896335e+00,1.794999999999999929e+01
3.482448278045654266e+00,1.889999999999999858e+01
3.397464454269409018e+00,2.096999999999999886e+01
3.327979748916626068e+00,2.155000000000000071e+01
3.265111399078369114e+00,2.260000000000000142e+01
3.206470559310913071e+00,2.337000000000000099e+01
3.159880698776245112e+00,2.444999999999999929e+01
3.118199589920044090e+00,2.433999999999999986e+01
3.080014741516113208e+00,2.555000000000000071e+01
3.030960550689697275e+00,2.692000000000000171e+01
2.999519711685180834e+00,2.762999999999999901e+01
2.956585354995727499e+00,2.755999999999999872e+01
2.923803220367431788e+00,2.835000000000000142e+01
2.878950353622436342e+00,2.923000000000000043e+01
2.846005144500732609e+00,3.003000000000000114e+01
2.812758639907837033e+00,3.005000000000000071e+01
2.770757197189331222e+00,3.057000000000000028e+01
2.731247368240356632e+00,3.218999999999999773e+01
2.697405186080932715e+00,3.200000000000000000e+01
2.664028069686889655e+00,3.286999999999999744e+01
2.631735557937622261e+00,3.284000000000000341e+01
2.598973178482055779e+00,3.381000000000000227e+01
2.567487165069580080e+00,3.488000000000000256e+01
2.539532224655151271e+00,3.514000000000000057e+01
2.517615646362304727e+00,3.592000000000000171e+01
2.495262796783447090e+00,3.572999999999999687e+01
2.469037820434570207e+00,3.614000000000000057e+01
2.446250600051879776e+00,3.625999999999999801e+01
2.423692672729492070e+00,3.750999999999999801e+01
2.399111019897461006e+00,3.745000000000000284e+01
2.375612333488464234e+00,3.693999999999999773e+01
2.354898473548889370e+00,3.870000000000000284e+01
2.335240844345092714e+00,3.893999999999999773e+01
2.319164989471435678e+00,3.942999999999999972e+01
2.301951705360412603e+00,3.971999999999999886e+01
2.281626487731933661e+00,3.924000000000000199e+01
2.261441113281250193e+00,3.960999999999999943e+01
2.246793672561645305e+00,4.053999999999999915e+01
2.232386663818359374e+00,4.081000000000000227e+01
2.214349180030822595e+00,4.028000000000000114e+01
2.198158295059204015e+00,4.039000000000000057e+01
2.183892942619323652e+00,4.160000000000000142e+01
2.165457266998290997e+00,4.142999999999999972e+01
2.154251162338256975e+00,4.171000000000000085e+01
2.138798122215271214e+00,4.186999999999999744e+01
2.127230371475219872e+00,4.242999999999999972e+01
2.111518333053588936e+00,4.231000000000000227e+01
2.097984728050231951e+00,4.254999999999999716e+01
2.087395410346984725e+00,4.293999999999999773e+01
2.075174984931945854e+00,4.303999999999999915e+01
2.064041640663146993e+00,4.328000000000000114e+01
2.051073629570007384e+00,4.328000000000000114e+01
2.036198189926147428e+00,4.388000000000000256e+01
2.030851493263244656e+00,4.364999999999999858e+01
2.018735328292846631e+00,4.349000000000000199e+01
2.005465817070007262e+00,4.421999999999999886e+01
1.994690446281433216e+00,4.435999999999999943e+01
1.984322488594055134e+00,4.454999999999999716e+01
1.975228769111633254e+00,4.456000000000000227e+01
1.965424276161193751e+00,4.425000000000000000e+01
1.952006755638122648e+00,4.517000000000000171e+01
1.945251073646545370e+00,4.497999999999999687e+01
1.936181232070922853e+00,4.492000000000000171e+01
1.923549328613281206e+00,4.503999999999999915e+01
1.918749965667724711e+00,4.524000000000000199e+01
1.909009035682678324e+00,4.550999999999999801e+01
1.901061134147643994e+00,4.546000000000000085e+01
1.892050685691833545e+00,4.559000000000000341e+01
1.886164087104797327e+00,4.567000000000000171e+01
1.874878896141052298e+00,4.564000000000000057e+01
1.865879353904724036e+00,4.613000000000000256e+01
1.861817140007019145e+00,4.588000000000000256e+01
1.850482891082763759e+00,4.650000000000000000e+01
1.844120023727416902e+00,4.604999999999999716e+01
1.838373180198669354e+00,4.620000000000000284e+01
1.825774506950378351e+00,4.670000000000000284e+01
1.823230936813354575e+00,4.677000000000000313e+01
1.812039636230468709e+00,4.656000000000000227e+01
1.804985909843444869e+00,4.646000000000000085e+01
1.799397514724731417e+00,4.661999999999999744e+01
1.789726931953430134e+00,4.714000000000000057e+01
1.787055357933044375e+00,4.692999999999999972e+01
1.776292926979065046e+00,4.721999999999999886e+01
1.774541535949706983e+00,4.710000000000000142e+01
1.762119265556335357e+00,4.703999999999999915e+01
1.757414475250244079e+00,4.731000000000000227e+01
1.752252710914611766e+00,4.756000000000000227e+01
1.750044803619384748e+00,4.728999999999999915e+01
1.744011348533630379e+00,4.760999999999999943e+01
1.737036476325988676e+00,4.775000000000000000e+01
1.728823817443847721e+00,4.775999999999999801e+01
1.722553425025939999e+00,4.784000000000000341e+01
1.719004873657226540e+00,4.789000000000000057e+01
1.708215065574645974e+00,4.784000000000000341e+01
1.707505176925659285e+00,4.840999999999999659e+01
1.700811991691589364e+00,4.803000000000000114e+01
1.698376787757873485e+00,4.778000000000000114e+01
1.692361188888549695e+00,4.822999999999999687e+01
1.685164857673645100e+00,4.827000000000000313e+01
1.681981309318542506e+00,4.810999999999999943e+01
1.674624709320068350e+00,4.822999999999999687e+01
1.669993904304504451e+00,4.825000000000000000e+01
1.664288222694396913e+00,4.852000000000000313e+01
1.659966040992736813e+00,4.850999999999999801e+01
1.657307958221435618e+00,4.854999999999999716e+01
1.653980770492553765e+00,4.842999999999999972e+01
1.649072242164611790e+00,4.892999999999999972e+01
1.644621767997741735e+00,4.857000000000000028e+01
1.636993254280090238e+00,4.888000000000000256e+01
1.638618914985656705e+00,4.896999999999999886e+01
1.633538457870483462e+00,4.907999999999999829e+01
1.624550618171691996e+00,4.871999999999999886e+01
1.622824259376525857e+00,4.878000000000000114e+01
1.621791836357116656e+00,4.913000000000000256e+01
1.613519389724731523e+00,4.900000000000000000e+01
1.608154062271118123e+00,4.899000000000000199e+01
1.607794297027587804e+00,4.910000000000000142e+01
1.607025731277465841e+00,4.917999999999999972e+01
1.599639016532897973e+00,4.925000000000000000e+01
1.592414124298095812e+00,4.906000000000000227e+01
1.591839549827575695e+00,4.928000000000000114e+01
1.589018675804138248e+00,4.932999999999999829e+01
1.587656169891357383e+00,4.950000000000000000e+01
1.581415233421325617e+00,4.929999999999999716e+01
1.581529348182678207e+00,4.971999999999999886e+01
1.576196507263183610e+00,4.953999999999999915e+01
1.575317603874206496e+00,4.942999999999999972e+01
1.568798133850097587e+00,4.934000000000000341e+01
1.569368352127075150e+00,4.979999999999999716e+01
1.566966220664977927e+00,4.953999999999999915e+01
1.559122647380828841e+00,4.960000000000000142e+01
1.559195571899414157e+00,4.968999999999999773e+01
1.556446499061584499e+00,4.949000000000000199e+01
1.559159585380554214e+00,4.968999999999999773e+01
1.550972116661071709e+00,4.999000000000000199e+01
1.548754084014892562e+00,4.965999999999999659e+01
1.548117408561706654e+00,4.979999999999999716e+01
1.545431486034393398e+00,4.967000000000000171e+01
1.535940165710449223e+00,4.942999999999999972e+01
1.540664583015441957e+00,4.988000000000000256e+01
1.540309224510192809e+00,5.017000000000000171e+01
1.535966447830200199e+00,4.992000000000000171e+01
1.533069020271301319e+00,5.003999999999999915e+01
1.530294933128356849e+00,4.997999999999999687e+01
1.532273950767517157e+00,4.995000000000000284e+01
1.526038860893249582e+00,4.996000000000000085e+01
1.526619049263000516e+00,4.988000000000000256e+01
1.523350649356842057e+00,4.996000000000000085e+01
1.520396166992187492e+00,5.024000000000000199e+01
1.519498593711853029e+00,5.010000000000000142e+01
1.517925976276397693e+00,5.025000000000000000e+01
1.517686387443542451e+00,4.995000000000000284e+01
1.510542733192443920e+00,5.010000000000000142e+01
1.512285188293456928e+00,5.014000000000000057e+01
1.514769747734069805e+00,5.022999999999999687e+01
1.511221137809753312e+00,5.018999999999999773e+01
1.513985605812072643e+00,5.015999999999999659e+01
1.507854355430602977e+00,5.011999999999999744e+01
1.509574525260925393e+00,5.029999999999999716e+01
1.505037405967712294e+00,5.032999999999999829e+01
1.502158693885803142e+00,5.046999999999999886e+01
1.501930186080932650e+00,5.021999999999999886e+01
1.503430176353454550e+00,5.028000000000000114e+01
1.502728432464599528e+00,5.018999999999999773e+01
1.499936750411987374e+00,5.036999999999999744e+01
1.499715809249877907e+00,5.032000000000000028e+01
1.495715872955322157e+00,5.035999999999999943e+01
1.499872295188903859e+00,5.036999999999999744e+01
1.496927920532226564e+00,5.013000000000000256e+01
1.493066906547546369e+00,5.034000000000000341e+01
1.496043551063537702e+00,5.021999999999999886e+01
1.494677854919433502e+00,5.042000000000000171e+01
1.493541730499267528e+00,5.025999999999999801e+01
1.493470409202575677e+00,5.025000000000000000e+01
1.492279082489013753e+00,5.050999999999999801e+01
1.492288208770751856e+00,5.054999999999999716e+01
1.493036845207214247e+00,5.039000000000000057e+01
1.491884777450561472e+00,5.053000000000000114e+01
1.488413328075408826e+00,5.046000000000000085e+01
1.490750720405578544e+00,5.063000000000000256e+01
1.485906137275695871e+00,5.052000000000000313e+01
1.486431728553772036e+00,5.060000000000000142e+01
1.488807929992675749e+00,5.047999999999999687e+01
1.487786295890808130e+00,5.059000000000000341e+01
1.486353390598297075e+00,5.060000000000000142e+01
1.487462228393554797e+00,5.057999999999999829e+01
1.486341253662109452e+00,5.057999999999999829e+01
1.488282177352905356e+00,5.054999999999999716e+01
1.483985739326477038e+00,5.053999999999999915e+01
1.488246835899353027e+00,5.060999999999999943e+01
1.482225135421752826e+00,5.063000000000000256e+01
1.483076768684387314e+00,5.060000000000000142e+01
1.482641324901580848e+00,5.065999999999999659e+01
1.484998995780944853e+00,5.065999999999999659e+01
1.486881596374511671e+00,5.064999999999999858e+01
1.487154517364501993e+00,5.064999999999999858e+01
