Loss,Accuracy
4.212922796071004505e+00,9.470000000000000639e+00
3.849723770178193227e+00,1.193999999999999950e+01
3.648957683885697634e+00,1.597000000000000064e+01
3.519829281514211150e+00,1.837000000000000099e+01
3.420851522784153165e+00,1.935000000000000142e+01
3.353845084599739845e+00,2.103999999999999915e+01
3.289979922399818069e+00,2.203999999999999915e+01
3.236145099575856943e+00,2.273000000000000043e+01
3.191453871109502849e+00,2.376999999999999957e+01
3.146710629657589742e+00,2.437000000000000099e+01
3.098280211146787089e+00,2.562000000000000099e+01
3.062247742851861076e+00,2.455999999999999872e+01
3.012812010675883112e+00,2.691000000000000014e+01
2.985808582042904558e+00,2.714999999999999858e+01
2.947528032947787313e+00,2.696999999999999886e+01
2.917313787291090144e+00,2.780999999999999872e+01
2.886974405327574988e+00,2.880999999999999872e+01
2.855209030407509729e+00,2.826999999999999957e+01
2.823554779699952277e+00,2.942000000000000171e+01
2.794048626931737278e+00,2.992999999999999972e+01
2.761521466344380560e+00,3.062000000000000099e+01
2.732378498827524815e+00,3.103000000000000114e+01
2.685400200690582828e+00,3.101999999999999957e+01
2.651848382229427425e+00,3.342999999999999972e+01
2.617340296864223870e+00,3.304999999999999716e+01
2.584788616469723799e+00,3.410000000000000142e+01
2.556653509751784181e+00,3.421999999999999886e+01
2.525142887370477762e+00,3.453999999999999915e+01
2.491932172712376214e+00,3.572999999999999687e+01
2.471943919750140495e+00,3.650999999999999801e+01
2.444935222895597171e+00,3.592999999999999972e+01
2.428128163877437018e+00,3.589999999999999858e+01
2.400956310099549018e+00,3.718999999999999773e+01
2.381686913309623232e+00,3.661999999999999744e+01
2.356405574354908161e+00,3.775999999999999801e+01
2.336463530286610357e+00,3.857999999999999829e+01
2.318418468788659315e+00,3.775999999999999801e+01
2.294354445213893978e+00,3.864999999999999858e+01
2.273028522515468275e+00,3.867000000000000171e+01
2.253192047421022970e+00,3.928999999999999915e+01
2.231134114219702091e+00,3.872999999999999687e+01
2.208188691871057596e+00,4.025000000000000000e+01
2.181569892868435279e+00,3.971999999999999886e+01
2.157865518860393905e+00,4.139999999999999858e+01
2.133184978716093472e+00,4.136999999999999744e+01
2.116015287326108218e+00,4.214999999999999858e+01
2.092831626927538213e+00,4.177000000000000313e+01
2.074239641356525166e+00,4.210000000000000142e+01
2.062606924157634136e+00,4.207999999999999829e+01
2.038971575758726118e+00,4.196999999999999886e+01
2.012358377591597414e+00,4.289999999999999858e+01
2.007421207513740757e+00,4.336999999999999744e+01
1.984241588796071376e+00,4.257000000000000028e+01
1.975102487799646811e+00,4.417000000000000171e+01
1.952603279972533912e+00,4.418999999999999773e+01
1.944360510193758440e+00,4.214999999999999858e+01
1.932738721942444116e+00,4.428999999999999915e+01
1.911935175494324346e+00,4.404999999999999716e+01
1.908556556816009664e+00,4.371999999999999886e+01
1.886419428338249826e+00,4.422999999999999687e+01
1.876403094481507106e+00,4.397999999999999687e+01
1.860354830464013176e+00,4.464999999999999858e+01
1.852776351306649971e+00,4.393999999999999773e+01
1.843230460473387566e+00,4.471000000000000085e+01
1.830709769285554289e+00,4.500000000000000000e+01
1.815478865905917338e+00,4.513000000000000256e+01
1.806154286118148322e+00,4.578999999999999915e+01
1.788244134730858192e+00,4.539999999999999858e+01
1.775459577282555657e+00,4.507999999999999829e+01
1.770799789068510099e+00,4.613000000000000256e+01
1.765066339958200059e+00,4.556000000000000227e+01
1.745751251991418229e+00,4.490999999999999659e+01
1.740422024429559178e+00,4.672999999999999687e+01
1.725177933700936528e+00,4.489999999999999858e+01
1.712308131962371416e+00,4.543999999999999773e+01
1.700667012080871787e+00,4.571999999999999886e+01
1.688379063594827256e+00,4.607999999999999829e+01
1.689343879691702632e+00,4.729999999999999716e+01
1.675140133578714385e+00,4.606000000000000227e+01
1.663615902407849623e+00,4.617999999999999972e+01
1.654693318785523282e+00,4.581000000000000227e+01
1.644706589283702947e+00,4.729999999999999716e+01
1.638404064041247388e+00,4.677000000000000313e+01
1.624339507280779582e+00,4.677000000000000313e+01
1.619075874630495848e+00,4.628999999999999915e+01
1.614343069797511188e+00,4.703999999999999915e+01
1.596141703551907653e+00,4.740999999999999659e+01
1.586368759401696416e+00,4.713000000000000256e+01
1.575083594385096708e+00,4.685999999999999943e+01
1.571844732661327404e+00,4.675000000000000000e+01
1.560791676993564359e+00,4.720000000000000284e+01
1.554885583529941107e+00,4.607999999999999829e+01
1.542570336402463216e+00,4.706000000000000227e+01
1.533591802743413224e+00,4.646000000000000085e+01
1.528603770178284860e+00,4.684000000000000341e+01
1.519138745052351469e+00,4.660999999999999943e+01
1.512517814013025985e+00,4.702000000000000313e+01
1.502260164319754177e+00,4.665999999999999659e+01
1.491972857885223602e+00,4.706000000000000227e+01
1.479436350168941594e+00,4.790999999999999659e+01
1.477177366364202271e+00,4.702000000000000313e+01
1.465738137134259267e+00,4.750999999999999801e+01
1.453271840544913207e+00,4.775999999999999801e+01
1.447101232316568398e+00,4.757000000000000028e+01
1.434962999549129314e+00,4.786999999999999744e+01
1.430980841890513444e+00,4.759000000000000341e+01
1.425677132477863207e+00,4.774000000000000199e+01
1.405249347360871592e+00,4.735000000000000142e+01
1.404739984648404993e+00,4.782000000000000028e+01
1.400213048898344637e+00,4.785999999999999943e+01
1.379009284204144592e+00,4.789999999999999858e+01
1.379213331629046468e+00,4.796999999999999886e+01
1.370274195282293439e+00,4.686999999999999744e+01
1.365128314466499404e+00,4.659000000000000341e+01
1.355947894443996882e+00,4.700000000000000000e+01
1.342725590121546020e+00,4.807999999999999829e+01
1.335432928457534585e+00,4.746000000000000085e+01
1.322601521329628271e+00,4.832000000000000028e+01
1.311174269202801890e+00,4.721000000000000085e+01
1.320199950993489857e+00,4.732999999999999829e+01
1.311230194011180572e+00,4.739000000000000057e+01
1.293510884904175429e+00,4.718999999999999773e+01
1.289892210591611299e+00,4.778999999999999915e+01
1.286179060487152581e+00,4.792999999999999972e+01
1.272115814742996287e+00,4.768999999999999773e+01
1.264857787308361292e+00,4.702000000000000313e+01
1.259060875188818374e+00,4.707000000000000028e+01
1.250089996152644600e+00,4.732999999999999829e+01
1.239151266553133235e+00,4.731000000000000227e+01
1.240058818738237534e+00,4.731000000000000227e+01
1.234090601726115732e+00,4.681000000000000227e+01
1.216086028148230413e+00,4.728000000000000114e+01
1.210741184669718695e+00,4.734000000000000341e+01
1.203173075505583611e+00,4.725999999999999801e+01
1.188640068403536754e+00,4.704999999999999716e+01
1.177646444212618437e+00,4.743999999999999773e+01
1.170127168762312264e+00,4.682000000000000028e+01
1.163150756050356893e+00,4.750000000000000000e+01
1.156984631463492175e+00,4.706000000000000227e+01
1.154663352014349442e+00,4.774000000000000199e+01
1.142704757497750911e+00,4.672999999999999687e+01
1.137163986476491084e+00,4.739999999999999858e+01
1.132248942085879007e+00,4.735999999999999943e+01
1.112416407473081570e+00,4.764000000000000057e+01
1.113603639516899113e+00,4.774000000000000199e+01
1.104040340125131969e+00,4.679999999999999716e+01
1.095783867352872143e+00,4.743999999999999773e+01
1.087995716350541597e+00,4.650000000000000000e+01
1.075376220029606866e+00,4.702000000000000313e+01
1.071831632146446500e+00,4.722999999999999687e+01
1.067889784808925047e+00,4.757000000000000028e+01
1.054729101898001176e+00,4.725999999999999801e+01
1.048731646413425755e+00,4.695000000000000284e+01
1.038006871224021355e+00,4.675999999999999801e+01
1.037159646014801373e+00,4.714999999999999858e+01
1.021525243274885364e+00,4.765999999999999659e+01
1.020936769761627616e+00,4.761999999999999744e+01
1.010113556179211391e+00,4.696999999999999886e+01
1.001301701656348353e+00,4.700000000000000000e+01
9.979350973161862370e-01,4.721999999999999886e+01
9.876959136278509188e-01,4.663000000000000256e+01
9.873282701420269536e-01,4.740999999999999659e+01
9.618058101021700335e-01,4.689000000000000057e+01
9.768056570768928193e-01,4.742000000000000171e+01
9.593310486927306702e-01,4.667000000000000171e+01
9.449813130447904941e-01,4.739000000000000057e+01
9.415428042411804199e-01,4.689999999999999858e+01
9.357513672799515625e-01,4.689999999999999858e+01
9.301923231826983995e-01,4.674000000000000199e+01
9.147886106793543526e-01,4.703000000000000114e+01
9.140022672551999516e-01,4.660999999999999943e+01
9.058505382469231870e-01,4.689000000000000057e+01
8.968875261305047086e-01,4.675999999999999801e+01
8.911364678856280586e-01,4.596999999999999886e+01
8.783763937241167996e-01,4.627000000000000313e+01
8.719875780727079917e-01,4.642000000000000171e+01
8.645554593712877489e-01,4.636999999999999744e+01
8.672195319577657990e-01,4.682999999999999829e+01
8.623521723907342507e-01,4.671000000000000085e+01
8.395026838250583268e-01,4.653999999999999915e+01
8.402441797210730146e-01,4.685000000000000142e+01
8.347760677266178320e-01,4.639000000000000057e+01
8.187742518077937293e-01,4.628999999999999915e+01
8.175717817722178982e-01,4.603999999999999915e+01
8.133032540623232887e-01,4.647999999999999687e+01
8.063284684178069206e-01,4.642999999999999972e+01
8.014612070304883984e-01,4.617999999999999972e+01
7.906182127819358918e-01,4.681000000000000227e+01
7.808948673790306882e-01,4.671999999999999886e+01
7.755109410849120311e-01,4.636999999999999744e+01
7.652917328498346494e-01,4.585000000000000142e+01
7.665760161565076114e-01,4.695000000000000284e+01
7.502614345839269117e-01,4.613000000000000256e+01
7.459989051095587964e-01,4.631000000000000227e+01
7.445169750520651553e-01,4.646000000000000085e+01
7.450323528308662180e-01,4.622999999999999687e+01
7.372792468940039257e-01,4.592999999999999972e+01
7.138008217660071208e-01,4.621999999999999886e+01
7.167540212972558500e-01,4.625000000000000000e+01
7.095338339142376327e-01,4.597999999999999687e+01
7.001093187921052508e-01,4.606000000000000227e+01
6.970158564172488358e-01,4.657999999999999829e+01
6.926968125916784791e-01,4.671000000000000085e+01
6.864133574765363122e-01,4.618999999999999773e+01
6.785700331917770001e-01,4.649000000000000199e+01
6.676202056219251446e-01,4.603999999999999915e+01
6.596838830472182558e-01,4.593999999999999773e+01
6.678754692848065666e-01,4.610999999999999943e+01
6.550138176952620128e-01,4.618999999999999773e+01
6.522961076643827294e-01,4.597999999999999687e+01
6.348598519746634361e-01,4.585000000000000142e+01
6.294616275339675049e-01,4.617999999999999972e+01
6.279045544582591010e-01,4.603999999999999915e+01
6.248325454316836502e-01,4.606000000000000227e+01
6.168828001804202987e-01,4.628999999999999915e+01
6.085090032227034040e-01,4.589999999999999858e+01
6.062149127110016966e-01,4.593999999999999773e+01
5.936557705775439286e-01,4.560000000000000142e+01
5.920921812454859046e-01,4.567999999999999972e+01
5.916104793941660001e-01,4.586999999999999744e+01
5.830528797934667606e-01,4.556000000000000227e+01
5.814627638216213201e-01,4.540999999999999659e+01
5.726532256074374772e-01,4.563000000000000256e+01
5.696425241746491119e-01,4.592999999999999972e+01
5.682470058615830544e-01,4.604999999999999716e+01
5.541604825739951945e-01,4.524000000000000199e+01
5.499130049340730242e-01,4.559000000000000341e+01
5.489256274249914025e-01,4.535999999999999943e+01
5.429075509488440199e-01,4.550999999999999801e+01
5.298226231472383807e-01,4.574000000000000199e+01
5.393541325911057616e-01,4.592999999999999972e+01
5.270694999707689066e-01,4.578000000000000114e+01
5.189150367959511900e-01,4.552000000000000313e+01
5.194444997097662498e-01,4.503000000000000114e+01
5.081056149886380435e-01,4.563000000000000256e+01
5.113631997177069399e-01,4.572999999999999687e+01
5.082943062130496070e-01,4.582999999999999829e+01
5.039248755581373640e-01,4.575000000000000000e+01
4.925409176652665866e-01,4.593999999999999773e+01
4.922590477468012371e-01,4.546000000000000085e+01
4.894863227359968483e-01,4.614999999999999858e+01
4.832405608942468844e-01,4.561999999999999744e+01
4.785167757484266593e-01,4.543999999999999773e+01
4.760438826658742739e-01,4.584000000000000341e+01
4.746880253656304838e-01,4.571999999999999886e+01
4.654029818872610913e-01,4.561999999999999744e+01
4.633479234840658378e-01,4.564000000000000057e+01
4.621423914385356380e-01,4.546999999999999886e+01
4.569749233962820401e-01,4.507999999999999829e+01
4.487344507369205870e-01,4.546000000000000085e+01
4.488717148201071261e-01,4.593999999999999773e+01
4.507934679087403085e-01,4.525999999999999801e+01
4.404844644365550899e-01,4.560999999999999943e+01
4.380962921025083889e-01,4.527000000000000313e+01
4.346723271359642649e-01,4.565999999999999659e+01
4.366829093340203749e-01,4.570000000000000284e+01
4.352711547407314696e-01,4.557999999999999829e+01
4.265517469861810351e-01,4.543999999999999773e+01
4.263731588919957294e-01,4.553999999999999915e+01
4.223891495050286493e-01,4.545000000000000284e+01
4.156823091083864941e-01,4.535999999999999943e+01
4.146750021002275632e-01,4.525000000000000000e+01
4.139858594329522967e-01,4.545000000000000284e+01
4.173739753234729233e-01,4.535000000000000142e+01
4.118659467898684312e-01,4.567000000000000171e+01
4.056268410413242376e-01,4.547999999999999687e+01
4.037442112998139154e-01,4.545000000000000284e+01
4.024951225883668937e-01,4.540999999999999659e+01
3.972248465215845181e-01,4.525999999999999801e+01
4.033453039628424608e-01,4.511999999999999744e+01
3.963223696291017784e-01,4.518999999999999773e+01
3.967126070988549746e-01,4.543999999999999773e+01
3.913368290241102110e-01,4.542000000000000171e+01
3.866990653159235181e-01,4.535000000000000142e+01
3.901370282617689922e-01,4.534000000000000341e+01
3.873227803970126781e-01,4.531000000000000227e+01
3.868428692221641541e-01,4.514000000000000057e+01
3.826309531855640600e-01,4.532000000000000028e+01
3.817854690269457674e-01,4.517999999999999972e+01
3.775505197705696370e-01,4.525999999999999801e+01
3.792407900291523970e-01,4.550999999999999801e+01
3.798821006568787739e-01,4.549000000000000199e+01
3.761656186063226937e-01,4.539999999999999858e+01
3.777721013418204321e-01,4.539999999999999858e+01
3.725086825785877132e-01,4.557999999999999829e+01
3.808364877990967345e-01,4.549000000000000199e+01
3.705154520501907633e-01,4.552000000000000313e+01
3.766360532411997530e-01,4.542000000000000171e+01
3.684092994949085820e-01,4.539999999999999858e+01
3.726088438513610601e-01,4.550999999999999801e+01
3.721990114529070137e-01,4.550000000000000000e+01
3.743910537742310418e-01,4.547999999999999687e+01
3.709474489342965975e-01,4.549000000000000199e+01
3.684732485249888612e-01,4.546999999999999886e+01
3.693015318658712243e-01,4.546000000000000085e+01
3.678824088985113705e-01,4.546000000000000085e+01
3.687557561470450329e-01,4.545000000000000284e+01
3.672483353574070297e-01,4.546999999999999886e+01
3.720896148638759837e-01,4.546000000000000085e+01
3.659802971305035069e-01,4.546999999999999886e+01
