Loss,Accuracy
4.328321992874145430e+00,6.769999999999999574e+00
3.933982866668701117e+00,1.134999999999999964e+01
3.660864070129394410e+00,1.439000000000000057e+01
3.514811141967773445e+00,1.728999999999999915e+01
3.412416979980468668e+00,1.937000000000000099e+01
3.339959639358520693e+00,1.982000000000000028e+01
3.281864723205566214e+00,2.196000000000000085e+01
3.239401387023925771e+00,2.232999999999999829e+01
3.204177901840210119e+00,2.391000000000000014e+01
3.173386042785644623e+00,2.244000000000000128e+01
3.144855348205566337e+00,2.366000000000000014e+01
3.124508775711059450e+00,2.385999999999999943e+01
3.106574563217163298e+00,2.398000000000000043e+01
3.083064465332031379e+00,2.442000000000000171e+01
3.065124317550659061e+00,2.496000000000000085e+01
3.046081964111328144e+00,2.555999999999999872e+01
3.017427844238281143e+00,2.544000000000000128e+01
2.999868719100952319e+00,2.694999999999999929e+01
2.981411122131347735e+00,2.653000000000000114e+01
2.960363409042358285e+00,2.703000000000000114e+01
2.941376606369018543e+00,2.753000000000000114e+01
2.926974224472045805e+00,2.769000000000000128e+01
2.915634949493408179e+00,2.778999999999999915e+01
2.903467872238159053e+00,2.846999999999999886e+01
2.889650615310669135e+00,2.889999999999999858e+01
2.874093811035156154e+00,2.921999999999999886e+01
2.856951216506958158e+00,2.878000000000000114e+01
2.843999799346923929e+00,2.919000000000000128e+01
2.832925986862182555e+00,2.971000000000000085e+01
2.824848543930053690e+00,3.017999999999999972e+01
2.814040240859985165e+00,2.930000000000000071e+01
2.800429359436034993e+00,2.978999999999999915e+01
2.790437259292602334e+00,2.994000000000000128e+01
2.777458907699585033e+00,3.085000000000000142e+01
2.769341698455810352e+00,3.019000000000000128e+01
2.760864486694336151e+00,3.116000000000000014e+01
2.749234864425659008e+00,3.096999999999999886e+01
2.734016274261474422e+00,3.062000000000000099e+01
2.721865430450439494e+00,3.189000000000000057e+01
2.709649662017822092e+00,3.225000000000000000e+01
2.695509135055541794e+00,3.198999999999999844e+01
2.680976202964782562e+00,3.227000000000000313e+01
2.669440399551391785e+00,3.253999999999999915e+01
2.653783276367187582e+00,3.364000000000000057e+01
2.641014046478271649e+00,3.259000000000000341e+01
2.628074347686767620e+00,3.328000000000000114e+01
2.611719355392456254e+00,3.310000000000000142e+01
2.597927745437622171e+00,3.379999999999999716e+01
2.575410593795776304e+00,3.486999999999999744e+01
2.569202515792846864e+00,3.403999999999999915e+01
2.552128724288940553e+00,3.402000000000000313e+01
2.536116044616699039e+00,3.504999999999999716e+01
2.517590653610229712e+00,3.524000000000000199e+01
2.505945462036132998e+00,3.559000000000000341e+01
2.493872257995605413e+00,3.486999999999999744e+01
2.474329154968261779e+00,3.653999999999999915e+01
2.460707261657714806e+00,3.625000000000000000e+01
2.445814862060546879e+00,3.665999999999999659e+01
2.429027548599242969e+00,3.665999999999999659e+01
2.414708262825012053e+00,3.692999999999999972e+01
2.406279482460021768e+00,3.674000000000000199e+01
2.385212464332580495e+00,3.671999999999999886e+01
2.367016556167602648e+00,3.764999999999999858e+01
2.359162298393249646e+00,3.763000000000000256e+01
2.347389837646484345e+00,3.867000000000000171e+01
2.330271929550170817e+00,3.714999999999999858e+01
2.311959493255615339e+00,3.857000000000000028e+01
2.298150818252563621e+00,3.939000000000000057e+01
2.289332533645629830e+00,4.004999999999999716e+01
2.282085153007507472e+00,3.993999999999999773e+01
2.256187020111084074e+00,3.886999999999999744e+01
2.250036914634704566e+00,4.043999999999999773e+01
2.227927264976501398e+00,4.029999999999999716e+01
2.221543328094482295e+00,4.086999999999999744e+01
2.207399089431762551e+00,4.082999999999999829e+01
2.199486877059936507e+00,4.102000000000000313e+01
2.185038483047485158e+00,4.092000000000000171e+01
2.170413732528686523e+00,4.145000000000000284e+01
2.159219507980346897e+00,4.128000000000000114e+01
2.148933515167236408e+00,4.215999999999999659e+01
2.143778406715393103e+00,4.206000000000000227e+01
2.128907939338684052e+00,4.218999999999999773e+01
2.125435313796997239e+00,4.259000000000000341e+01
2.114361382675170820e+00,4.261999999999999744e+01
2.105754523658752486e+00,4.282999999999999829e+01
2.106461155891418358e+00,4.232000000000000028e+01
2.081819455718993961e+00,4.253999999999999915e+01
2.089143156623840536e+00,4.317000000000000171e+01
2.078056863021850553e+00,4.300999999999999801e+01
2.065418409156799306e+00,4.295000000000000284e+01
2.056556044387817472e+00,4.288000000000000256e+01
2.059570547294616638e+00,4.286999999999999744e+01
2.042705635261535591e+00,4.253000000000000114e+01
2.036190440177917615e+00,4.375999999999999801e+01
2.031463468551635732e+00,4.342999999999999972e+01
2.021751399040222275e+00,4.357000000000000028e+01
2.019878071212768411e+00,4.322999999999999687e+01
2.005851995277404765e+00,4.367999999999999972e+01
2.005240860176086493e+00,4.420000000000000284e+01
1.998097748184204159e+00,4.427000000000000313e+01
1.990921523857116737e+00,4.396000000000000085e+01
1.983302973365783650e+00,4.399000000000000199e+01
1.983805167388916102e+00,4.472999999999999687e+01
1.972362384796142676e+00,4.402000000000000313e+01
1.967979402732849215e+00,4.400000000000000000e+01
1.961079639816284192e+00,4.404999999999999716e+01
1.957994804763793839e+00,4.446999999999999886e+01
1.948017555427551173e+00,4.402000000000000313e+01
1.941364172744751038e+00,4.478999999999999915e+01
1.941140434455871588e+00,4.511999999999999744e+01
1.929479013442993107e+00,4.550999999999999801e+01
1.919603060722351096e+00,4.424000000000000199e+01
1.921700395393371563e+00,4.470000000000000284e+01
1.920034544372558605e+00,4.484000000000000341e+01
1.906634197616577042e+00,4.467000000000000171e+01
1.910104534149170030e+00,4.484000000000000341e+01
1.898406008529663014e+00,4.553999999999999915e+01
1.894290100669860921e+00,4.550999999999999801e+01
1.888249825477600119e+00,4.514000000000000057e+01
1.878694702529907223e+00,4.481000000000000227e+01
1.882187370300292928e+00,4.547999999999999687e+01
1.871330611038207969e+00,4.578999999999999915e+01
1.871552853965759322e+00,4.552000000000000313e+01
1.863628580665588341e+00,4.642000000000000171e+01
1.863738935852050860e+00,4.582000000000000028e+01
1.853988257217407121e+00,4.559000000000000341e+01
1.850683448600769054e+00,4.625999999999999801e+01
1.838747747230529805e+00,4.672999999999999687e+01
1.833678949737548747e+00,4.581000000000000227e+01
1.838784297180175775e+00,4.610000000000000142e+01
1.824792880058288658e+00,4.621000000000000085e+01
1.823961925888061497e+00,4.585000000000000142e+01
1.822167048835754422e+00,4.557000000000000028e+01
1.814014935302734388e+00,4.613000000000000256e+01
1.807274836921691996e+00,4.689000000000000057e+01
1.803079261016845791e+00,4.617000000000000171e+01
1.794667915916442924e+00,4.660999999999999943e+01
1.794900238800048786e+00,4.650000000000000000e+01
1.792347103309631429e+00,4.600999999999999801e+01
1.788623715782165613e+00,4.574000000000000199e+01
1.790209155082702619e+00,4.675000000000000000e+01
1.771197504234313991e+00,4.579999999999999716e+01
1.764820048332214286e+00,4.563000000000000256e+01
1.765427107429504483e+00,4.652000000000000313e+01
1.766612998199462936e+00,4.645000000000000284e+01
1.759179168128967241e+00,4.682999999999999829e+01
1.755742660140991118e+00,4.675999999999999801e+01
1.752616615676879874e+00,4.670000000000000284e+01
1.752457764816284236e+00,4.703000000000000114e+01
1.745872733306884861e+00,4.681000000000000227e+01
1.734918987083434949e+00,4.747999999999999687e+01
1.734780378913879373e+00,4.682999999999999829e+01
1.731745910453796444e+00,4.720000000000000284e+01
1.722752421951293966e+00,4.642999999999999972e+01
1.721635445404052778e+00,4.706000000000000227e+01
1.725630962944030733e+00,4.796000000000000085e+01
1.718219271469116238e+00,4.682999999999999829e+01
1.703132551193237365e+00,4.734000000000000341e+01
1.705922775077819864e+00,4.795000000000000284e+01
1.701274017906188929e+00,4.788000000000000256e+01
1.695953234863281311e+00,4.696999999999999886e+01
1.690115357589721645e+00,4.745000000000000284e+01
1.689302496719360391e+00,4.779999999999999716e+01
1.682294750785827686e+00,4.810000000000000142e+01
1.680204143524169913e+00,4.785999999999999943e+01
1.678483001518249473e+00,4.820000000000000284e+01
1.667506070899963388e+00,4.777000000000000313e+01
1.666771788215637207e+00,4.775000000000000000e+01
1.657260747337341300e+00,4.799000000000000199e+01
1.664718214225769044e+00,4.810999999999999943e+01
1.655178326225280827e+00,4.817999999999999972e+01
1.654978067779540929e+00,4.860999999999999943e+01
1.650801766586303732e+00,4.810000000000000142e+01
1.647390460968017667e+00,4.792000000000000171e+01
1.639224539566040084e+00,4.796000000000000085e+01
1.634179229927062993e+00,4.840999999999999659e+01
1.626291514968872143e+00,4.846000000000000085e+01
1.629464390373229987e+00,4.813000000000000256e+01
1.623587498855590727e+00,4.804999999999999716e+01
1.615815603065490658e+00,4.853000000000000114e+01
1.617259134864807102e+00,4.857999999999999829e+01
1.617022699737548752e+00,4.817999999999999972e+01
1.605261627960204995e+00,4.835000000000000142e+01
1.607937904167175303e+00,4.777000000000000313e+01
1.595936827659606871e+00,4.839000000000000057e+01
1.596874520683288612e+00,4.775999999999999801e+01
1.594562624549865637e+00,4.861999999999999744e+01
1.584280040359496988e+00,4.770000000000000284e+01
1.587354261589050353e+00,4.789000000000000057e+01
1.580930356788635249e+00,4.870000000000000284e+01
1.575884495353698789e+00,4.853000000000000114e+01
1.575060145950317292e+00,4.878000000000000114e+01
1.573788266372680766e+00,4.838000000000000256e+01
1.567198654365539623e+00,4.871000000000000085e+01
1.569899270439147898e+00,4.885999999999999943e+01
1.557230771064758379e+00,4.864000000000000057e+01
1.558651250076293904e+00,4.867000000000000171e+01
1.558706808471679750e+00,4.850000000000000000e+01
1.549002630615234466e+00,4.871000000000000085e+01
1.548467959976196351e+00,4.878000000000000114e+01
1.544017272567749011e+00,4.867999999999999972e+01
1.537472491073608394e+00,4.928000000000000114e+01
1.535333491325378441e+00,4.881000000000000227e+01
1.530200771713256858e+00,4.893999999999999773e+01
1.532182089805603109e+00,4.915999999999999659e+01
1.524438499259948676e+00,4.857999999999999829e+01
1.518956414985656700e+00,4.896999999999999886e+01
1.520343598937988316e+00,4.861999999999999744e+01
1.514533278656005955e+00,4.882999999999999829e+01
1.514175694274902284e+00,4.885000000000000142e+01
1.507932081604003827e+00,4.914999999999999858e+01
1.499569046020507779e+00,4.886999999999999744e+01
1.504485879707336382e+00,4.949000000000000199e+01
1.495189371871948225e+00,4.879999999999999716e+01
1.503393467330932598e+00,4.892999999999999972e+01
1.484884691810608004e+00,4.897999999999999687e+01
1.488269465637207079e+00,4.903999999999999915e+01
1.486642523765564050e+00,4.892999999999999972e+01
1.481283546733856094e+00,4.896999999999999886e+01
1.483616582298278752e+00,4.878000000000000114e+01
1.478492345046997114e+00,4.909000000000000341e+01
1.476374426364898573e+00,4.931000000000000227e+01
1.475719916057586678e+00,4.907000000000000028e+01
1.466786429882049658e+00,4.924000000000000199e+01
1.464061403369903536e+00,4.915999999999999659e+01
1.462975516700744549e+00,4.967999999999999972e+01
1.462613749122619655e+00,4.925999999999999801e+01
1.456902935981750469e+00,4.896999999999999886e+01
1.457346705245971652e+00,4.932999999999999829e+01
1.450578440856933549e+00,4.932000000000000028e+01
1.445149493026733456e+00,4.915999999999999659e+01
1.449201691436767581e+00,4.925000000000000000e+01
1.442473084449767962e+00,4.910999999999999943e+01
1.441464294528961076e+00,4.945000000000000284e+01
1.445707992649078344e+00,4.925000000000000000e+01
1.431598499202728192e+00,4.939000000000000057e+01
1.430045591545104910e+00,4.950000000000000000e+01
1.430251556968688886e+00,4.927000000000000313e+01
1.427999698734283340e+00,4.936999999999999744e+01
1.429846696186065635e+00,4.939000000000000057e+01
1.421225515460968092e+00,4.924000000000000199e+01
1.418553620815277139e+00,4.960000000000000142e+01
1.416381370639800963e+00,4.947999999999999687e+01
1.416184003543853764e+00,4.909000000000000341e+01
1.410397660255432228e+00,4.950999999999999801e+01
1.416226749992370637e+00,4.945000000000000284e+01
1.409071671772003098e+00,4.939000000000000057e+01
1.413583414649963288e+00,4.964999999999999858e+01
1.402932393646240339e+00,4.978000000000000114e+01
1.400818366813659566e+00,4.970000000000000284e+01
1.397625998020172178e+00,4.967999999999999972e+01
1.395096501636505115e+00,4.947999999999999687e+01
1.396417648506164566e+00,4.978999999999999915e+01
1.391223394393920954e+00,4.989999999999999858e+01
1.389890637207031210e+00,4.964999999999999858e+01
1.388613016414642409e+00,4.961999999999999744e+01
1.385236941242218078e+00,4.959000000000000341e+01
1.382190924358367878e+00,4.986999999999999744e+01
1.385955348014831445e+00,4.939000000000000057e+01
1.385819802856445238e+00,4.942000000000000171e+01
1.381348471736908001e+00,4.965999999999999659e+01
1.377259799671173068e+00,4.975000000000000000e+01
1.375264411926269581e+00,4.977000000000000313e+01
1.377682227706909179e+00,4.972999999999999687e+01
1.371601261711120623e+00,4.967999999999999972e+01
1.369393323516845618e+00,4.967999999999999972e+01
1.368251086044311560e+00,4.975999999999999801e+01
1.366299794769287201e+00,4.967999999999999972e+01
1.366220166206359776e+00,4.942999999999999972e+01
1.361021321582794208e+00,4.978999999999999915e+01
1.363210353469848535e+00,4.971999999999999886e+01
1.369930228805541939e+00,4.964000000000000057e+01
1.359768657779693690e+00,4.975000000000000000e+01
1.357172942733764653e+00,4.978999999999999915e+01
1.363947066116333096e+00,4.978000000000000114e+01
1.357747716140746963e+00,4.989000000000000057e+01
1.359489116859436075e+00,4.989000000000000057e+01
1.352694215488433827e+00,4.985000000000000142e+01
1.359500095653533913e+00,4.989999999999999858e+01
1.356733123016357512e+00,4.970000000000000284e+01
1.352851776790618965e+00,4.971999999999999886e+01
1.353172094631195144e+00,4.982999999999999829e+01
1.352441573810577502e+00,4.999000000000000199e+01
1.351025407791137667e+00,4.989000000000000057e+01
1.348194290828704789e+00,4.989000000000000057e+01
1.347227204132080081e+00,4.988000000000000256e+01
1.347906813526153602e+00,4.996999999999999886e+01
1.351673823261261065e+00,4.993999999999999773e+01
1.354435556793212925e+00,5.002000000000000313e+01
1.346801990032196139e+00,4.990999999999999659e+01
1.349083832550048934e+00,4.992999999999999972e+01
1.352310556793212992e+00,4.992999999999999972e+01
1.353420499801635701e+00,4.997999999999999687e+01
1.347572208118438697e+00,4.992999999999999972e+01
1.350840430545806825e+00,5.003000000000000114e+01
1.344234933662414644e+00,4.999000000000000199e+01
1.346511890220642105e+00,5.000000000000000000e+01
1.349066767406463585e+00,5.002000000000000313e+01
1.350129899692535496e+00,5.003000000000000114e+01
1.346997103691101039e+00,5.003000000000000114e+01
