Loss,Accuracy
4.469666722869873432e+00,4.019999999999999574e+00
4.231184923934936393e+00,6.259999999999999787e+00
4.094357144546508565e+00,8.330000000000000071e+00
3.957582308959961104e+00,1.026999999999999957e+01
3.842072998428344821e+00,1.175999999999999979e+01
3.761518632888793956e+00,1.355000000000000071e+01
3.697549542236328257e+00,1.468999999999999950e+01
3.629426091003418176e+00,1.517999999999999972e+01
3.566948902511596575e+00,1.655999999999999872e+01
3.517324487686157131e+00,1.778000000000000114e+01
3.470978669357299928e+00,1.826999999999999957e+01
3.425676217269897350e+00,1.907999999999999829e+01
3.390360199737548985e+00,1.914999999999999858e+01
3.352722973632812575e+00,2.067000000000000171e+01
3.319434292602538861e+00,2.041000000000000014e+01
3.295864317703247170e+00,2.126000000000000156e+01
3.266958683013915898e+00,2.162000000000000099e+01
3.241963571166992075e+00,2.262000000000000099e+01
3.214371650314331141e+00,2.280999999999999872e+01
3.190983374023437680e+00,2.276000000000000156e+01
3.168901060867309383e+00,2.276999999999999957e+01
3.147366492462158050e+00,2.392999999999999972e+01
3.125573164367675627e+00,2.385999999999999943e+01
3.109130885696411273e+00,2.519000000000000128e+01
3.092329311752319398e+00,2.430999999999999872e+01
3.078369058609008668e+00,2.467999999999999972e+01
3.056719198226928835e+00,2.478000000000000114e+01
3.042201772308349650e+00,2.591000000000000014e+01
3.020530120468139845e+00,2.525000000000000000e+01
3.011630307769775250e+00,2.580999999999999872e+01
2.994286515045165853e+00,2.605999999999999872e+01
2.986123787307739086e+00,2.637000000000000099e+01
2.963949174880981641e+00,2.648999999999999844e+01
2.961689940643310592e+00,2.714999999999999858e+01
2.943017146682739060e+00,2.698000000000000043e+01
2.924376986694336100e+00,2.721000000000000085e+01
2.920622256851196141e+00,2.744000000000000128e+01
2.902399901580810404e+00,2.737999999999999901e+01
2.896434960174560480e+00,2.737999999999999901e+01
2.885260754013061479e+00,2.816000000000000014e+01
2.867716520690918092e+00,2.837000000000000099e+01
2.861933692932129070e+00,2.848999999999999844e+01
2.851181368637084823e+00,2.787000000000000099e+01
2.840463710784911999e+00,2.871000000000000085e+01
2.826858753204345653e+00,2.812999999999999901e+01
2.821362871932983296e+00,2.951000000000000156e+01
2.807225252151489325e+00,2.882999999999999829e+01
2.792359022521972545e+00,2.930999999999999872e+01
2.787708755111694359e+00,2.912000000000000099e+01
2.771841192626953276e+00,2.991000000000000014e+01
2.766046128463745202e+00,2.921000000000000085e+01
2.758509183502197093e+00,2.942000000000000171e+01
2.746651163101196502e+00,2.987999999999999901e+01
2.739794884109497008e+00,2.985999999999999943e+01
2.728362356185912940e+00,3.014999999999999858e+01
2.714063565063476346e+00,3.017999999999999972e+01
2.713371452713012832e+00,3.042000000000000171e+01
2.707424127578735185e+00,3.060000000000000142e+01
2.697623392486572236e+00,3.057999999999999829e+01
2.686215731430053655e+00,3.067999999999999972e+01
2.682934227752685530e+00,3.087999999999999901e+01
2.673245077514648571e+00,3.096000000000000085e+01
2.668940283966064531e+00,3.066000000000000014e+01
2.654648810958862182e+00,3.078000000000000114e+01
2.645189471817016802e+00,3.151999999999999957e+01
2.640236926269531104e+00,3.135999999999999943e+01
2.627923301696777347e+00,3.128000000000000114e+01
2.622995532798767293e+00,3.121000000000000085e+01
2.617008078002929672e+00,3.155000000000000071e+01
2.611639479446411283e+00,3.160999999999999943e+01
2.600115504455566384e+00,3.209000000000000341e+01
2.595196238708496139e+00,3.196000000000000085e+01
2.588375706100463969e+00,3.169999999999999929e+01
2.579167436599731467e+00,3.225999999999999801e+01
2.579951846694946482e+00,3.180000000000000071e+01
2.559125796508789019e+00,3.235999999999999943e+01
2.558779442977905383e+00,3.260000000000000142e+01
2.553650175094604347e+00,3.229999999999999716e+01
2.549210860061645434e+00,3.239000000000000057e+01
2.548180550384521403e+00,3.270000000000000284e+01
2.537622999954223690e+00,3.228000000000000114e+01
2.525949666976928576e+00,3.310000000000000142e+01
2.520615432929992572e+00,3.214999999999999858e+01
2.517865161514282413e+00,3.303999999999999915e+01
2.509560778045654139e+00,3.346000000000000085e+01
2.509323964500427273e+00,3.235000000000000142e+01
2.495253053092956641e+00,3.329999999999999716e+01
2.489626338005066053e+00,3.332999999999999829e+01
2.490067426681518370e+00,3.320000000000000284e+01
2.485013472747802599e+00,3.336999999999999744e+01
2.477220833206176920e+00,3.360999999999999943e+01
2.470241733551025387e+00,3.360000000000000142e+01
2.466183616447448657e+00,3.311999999999999744e+01
2.461293680000305351e+00,3.321999999999999886e+01
2.459876330566406200e+00,3.392000000000000171e+01
2.454575107383727861e+00,3.388000000000000256e+01
2.441524506950378370e+00,3.382000000000000028e+01
2.434127092361450195e+00,3.325000000000000000e+01
2.434788953590393046e+00,3.347999999999999687e+01
2.429874615669250559e+00,3.336999999999999744e+01
2.423554481124877924e+00,3.410000000000000142e+01
2.420211836624145629e+00,3.421000000000000085e+01
2.417127650260925353e+00,3.388000000000000256e+01
2.407995648765564045e+00,3.428999999999999915e+01
2.405466245651245227e+00,3.402000000000000313e+01
2.398028038787841876e+00,3.410000000000000142e+01
2.394757091331481735e+00,3.386999999999999744e+01
2.388616028022766180e+00,3.471000000000000085e+01
2.380726426506042603e+00,3.432999999999999829e+01
2.377081986999511898e+00,3.471000000000000085e+01
2.373065225410461387e+00,3.470000000000000284e+01
2.359110840797424391e+00,3.385999999999999943e+01
2.364269125366210922e+00,3.468999999999999773e+01
2.356858557128906462e+00,3.440999999999999659e+01
2.358062477302551141e+00,3.457999999999999829e+01
2.347350546264648230e+00,3.414999999999999858e+01
2.348076147460937513e+00,3.449000000000000199e+01
2.338860081672668567e+00,3.457000000000000028e+01
2.334029682731628252e+00,3.463000000000000256e+01
2.330039889717101964e+00,3.464999999999999858e+01
2.323674278640746937e+00,3.499000000000000199e+01
2.322033164215087986e+00,3.528999999999999915e+01
2.318119894790649393e+00,3.442999999999999972e+01
2.316498164558410622e+00,3.503999999999999915e+01
2.311810198974609154e+00,3.479999999999999716e+01
2.311620621871948167e+00,3.542999999999999972e+01
2.302810990524291945e+00,3.520000000000000284e+01
2.298115897369384708e+00,3.510000000000000142e+01
2.290669958877563417e+00,3.511999999999999744e+01
2.290732979202270592e+00,3.515999999999999659e+01
2.285279396057128931e+00,3.511999999999999744e+01
2.281213114356994698e+00,3.509000000000000341e+01
2.273846162796020476e+00,3.567999999999999972e+01
2.277119733619689779e+00,3.529999999999999716e+01
2.269178387451171730e+00,3.546000000000000085e+01
2.265893570137023971e+00,3.553000000000000114e+01
2.259802979469299533e+00,3.496000000000000085e+01
2.256143657112121392e+00,3.539000000000000057e+01
2.258032502365112215e+00,3.567999999999999972e+01
2.250417615509033187e+00,3.540999999999999659e+01
2.247706264114379682e+00,3.567999999999999972e+01
2.246045673561096301e+00,3.499000000000000199e+01
2.238141970252990554e+00,3.556000000000000227e+01
2.230761324119567846e+00,3.600000000000000000e+01
2.234743107986450372e+00,3.599000000000000199e+01
2.233810380554199337e+00,3.578999999999999915e+01
2.225526898956298627e+00,3.571999999999999886e+01
2.220466922950744770e+00,3.564000000000000057e+01
2.215145820617675732e+00,3.524000000000000199e+01
2.215009070205688602e+00,3.575000000000000000e+01
2.211342844009399400e+00,3.565999999999999659e+01
2.206722400093078740e+00,3.554999999999999716e+01
2.203239468765259002e+00,3.646999999999999886e+01
2.199539122581481987e+00,3.596000000000000085e+01
2.194331723022461045e+00,3.602000000000000313e+01
2.192076731872558693e+00,3.593999999999999773e+01
2.188657181549072295e+00,3.597999999999999687e+01
2.190142982482909950e+00,3.596000000000000085e+01
2.180556816673278941e+00,3.614000000000000057e+01
2.182694431114196920e+00,3.640999999999999659e+01
2.181163019561767502e+00,3.585999999999999943e+01
2.169482144165038928e+00,3.621000000000000085e+01
2.168108634185791139e+00,3.586999999999999744e+01
2.165700005722045685e+00,3.622999999999999687e+01
2.161231843376159478e+00,3.622999999999999687e+01
2.159474285507202218e+00,3.620000000000000284e+01
2.161086371994018762e+00,3.639999999999999858e+01
2.157365711784362983e+00,3.639999999999999858e+01
2.149618993759155217e+00,3.621000000000000085e+01
2.152903844070434669e+00,3.604999999999999716e+01
2.145858837890624926e+00,3.628000000000000114e+01
2.140557763099670385e+00,3.639999999999999858e+01
2.139203883934020833e+00,3.650999999999999801e+01
2.126920693206787227e+00,3.621999999999999886e+01
2.128038824653625483e+00,3.621999999999999886e+01
2.130345544433593918e+00,3.629999999999999716e+01
2.126884852981567597e+00,3.628999999999999915e+01
2.129940472793578898e+00,3.646999999999999886e+01
2.119638796424865745e+00,3.632000000000000028e+01
2.119538013648986752e+00,3.659000000000000341e+01
2.113744165802001973e+00,3.610000000000000142e+01
2.111972411537170302e+00,3.665999999999999659e+01
2.108382594871521132e+00,3.677000000000000313e+01
2.106454791831970041e+00,3.685000000000000142e+01
2.106285763549804901e+00,3.714000000000000057e+01
2.095906330108642468e+00,3.675999999999999801e+01
2.100141333007812694e+00,3.678999999999999915e+01
2.097722713279724260e+00,3.668999999999999773e+01
2.093231097602844315e+00,3.706000000000000227e+01
2.086614225578308002e+00,3.649000000000000199e+01
2.094393260955810465e+00,3.667999999999999972e+01
2.083459395980835183e+00,3.696000000000000085e+01
2.079192158889770603e+00,3.668999999999999773e+01
2.083008610153198159e+00,3.628999999999999915e+01
2.080031957054138125e+00,3.688000000000000256e+01
2.070703173446655221e+00,3.681000000000000227e+01
2.071809880065917930e+00,3.667000000000000171e+01
2.071363917541503952e+00,3.689999999999999858e+01
2.073830825614929374e+00,3.689999999999999858e+01
2.068613007926940917e+00,3.670000000000000284e+01
2.063662530517578197e+00,3.679999999999999716e+01
2.058704296302795278e+00,3.696999999999999886e+01
2.059059694671630858e+00,3.689999999999999858e+01
2.058610422897338754e+00,3.700000000000000000e+01
2.057127714157104492e+00,3.706000000000000227e+01
2.059148739814758322e+00,3.707999999999999829e+01
2.053996069335937591e+00,3.684000000000000341e+01
2.053062848091125492e+00,3.728999999999999915e+01
2.052647602653503434e+00,3.702000000000000313e+01
2.054194248390197597e+00,3.696000000000000085e+01
2.043564928627014332e+00,3.697999999999999687e+01
2.042991396331787168e+00,3.725000000000000000e+01
2.037129957389831603e+00,3.703999999999999915e+01
2.041420887565612574e+00,3.706000000000000227e+01
2.045771336174011079e+00,3.717999999999999972e+01
2.033997538566589380e+00,3.732000000000000028e+01
2.035689838218688763e+00,3.731000000000000227e+01
2.027823578262329285e+00,3.710999999999999943e+01
2.035056044197082414e+00,3.706000000000000227e+01
2.023675765800476256e+00,3.731000000000000227e+01
2.030963537025451515e+00,3.725999999999999801e+01
2.030165415954589658e+00,3.739000000000000057e+01
2.028374269676208375e+00,3.747999999999999687e+01
2.020603268432617394e+00,3.746999999999999886e+01
2.019778632926940709e+00,3.721999999999999886e+01
2.020758811569213886e+00,3.729999999999999716e+01
2.018811330986022945e+00,3.745000000000000284e+01
2.014160935401916319e+00,3.725000000000000000e+01
2.015124771308899110e+00,3.734000000000000341e+01
2.010201533317566014e+00,3.717000000000000171e+01
2.010208977508544770e+00,3.749000000000000199e+01
2.012010362625122006e+00,3.732000000000000028e+01
2.008551910591125367e+00,3.753999999999999915e+01
2.005142826461792094e+00,3.764999999999999858e+01
2.008188086318969834e+00,3.743999999999999773e+01
2.000353010177612134e+00,3.759000000000000341e+01
2.006372856521606352e+00,3.728999999999999915e+01
2.003858435821533224e+00,3.721000000000000085e+01
2.002466253471374635e+00,3.728999999999999915e+01
2.003072691535949801e+00,3.753999999999999915e+01
2.001230057334900003e+00,3.745000000000000284e+01
1.997124123954773012e+00,3.749000000000000199e+01
1.998459079360962010e+00,3.742000000000000171e+01
1.990769793701171908e+00,3.764000000000000057e+01
1.993691253089904691e+00,3.740999999999999659e+01
1.993071124076843281e+00,3.752000000000000313e+01
1.992529746627807574e+00,3.747999999999999687e+01
1.991565033912658711e+00,3.736999999999999744e+01
1.991566735267639165e+00,3.750999999999999801e+01
1.988409317207336491e+00,3.742999999999999972e+01
1.991521207427978446e+00,3.735000000000000142e+01
1.989105123710632306e+00,3.735000000000000142e+01
1.982468910217285218e+00,3.750999999999999801e+01
1.990000559997558538e+00,3.735999999999999943e+01
1.985095143699646014e+00,3.735000000000000142e+01
1.982224500846862858e+00,3.746999999999999886e+01
1.987328264617920004e+00,3.764999999999999858e+01
1.980732223701477057e+00,3.764999999999999858e+01
1.981025937461853070e+00,3.767999999999999972e+01
1.975499839782714817e+00,3.750000000000000000e+01
1.978828009033203106e+00,3.752000000000000313e+01
1.977059919738769489e+00,3.761999999999999744e+01
1.977727380752563491e+00,3.746000000000000085e+01
1.980681022453308016e+00,3.760000000000000142e+01
1.974985897636413634e+00,3.754999999999999716e+01
1.975367177391052165e+00,3.761999999999999744e+01
1.973135715293884207e+00,3.750999999999999801e+01
1.977190176391601550e+00,3.761999999999999744e+01
1.978292514991760287e+00,3.757999999999999829e+01
1.975703678894042969e+00,3.750999999999999801e+01
1.976560704803466795e+00,3.749000000000000199e+01
1.972802348136901918e+00,3.756000000000000227e+01
1.975203015136718809e+00,3.749000000000000199e+01
1.973803392791747990e+00,3.764000000000000057e+01
1.965992928886413527e+00,3.743999999999999773e+01
1.969262265586853022e+00,3.743999999999999773e+01
1.970594003486633383e+00,3.752000000000000313e+01
1.966775431060791002e+00,3.753000000000000114e+01
1.967898510742187579e+00,3.746999999999999886e+01
1.964812393760681175e+00,3.747999999999999687e+01
1.965200239753723155e+00,3.745000000000000284e+01
1.967829296684265206e+00,3.747999999999999687e+01
1.967390020179748511e+00,3.754999999999999716e+01
1.969536898040771478e+00,3.759000000000000341e+01
1.968988419914245558e+00,3.752000000000000313e+01
1.965337828063964842e+00,3.753999999999999915e+01
1.967074006652832052e+00,3.754999999999999716e+01
1.971007335472106936e+00,3.749000000000000199e+01
1.962419976997375581e+00,3.757000000000000028e+01
1.971394032287597575e+00,3.750999999999999801e+01
1.963187204742431691e+00,3.750000000000000000e+01
1.966419218063354402e+00,3.750000000000000000e+01
1.963824682998657201e+00,3.750999999999999801e+01
1.968653173637390230e+00,3.750000000000000000e+01
1.967858312797546416e+00,3.753999999999999915e+01
1.967668809318542378e+00,3.746999999999999886e+01
1.967072849464416517e+00,3.752000000000000313e+01
1.963747865486145106e+00,3.747999999999999687e+01
1.970280091857910199e+00,3.749000000000000199e+01
1.971348069190979047e+00,3.749000000000000199e+01
