Loss,Accuracy
4.030351509094238338e+00,9.820000000000000284e+00
3.434605419921874958e+00,1.757000000000000028e+01
3.148833595657348550e+00,2.044000000000000128e+01
2.988744284057617051e+00,2.333999999999999986e+01
2.860110420989990132e+00,2.444000000000000128e+01
2.746114281845092986e+00,2.692000000000000171e+01
2.642828499984741342e+00,2.887000000000000099e+01
2.531831789779662945e+00,3.051999999999999957e+01
2.412745821189880235e+00,3.295000000000000284e+01
2.320610145187377960e+00,3.447999999999999687e+01
2.252792165184021034e+00,3.471000000000000085e+01
2.198222940254211277e+00,3.577000000000000313e+01
2.150793768501281900e+00,3.689999999999999858e+01
2.116676126289367854e+00,3.654999999999999716e+01
2.081477069282531733e+00,3.831000000000000227e+01
2.052210198020934850e+00,3.834000000000000341e+01
2.020821871757507271e+00,3.946000000000000085e+01
1.994654806137085012e+00,3.840999999999999659e+01
1.972042942428588796e+00,3.952000000000000313e+01
1.947288272857665925e+00,4.042999999999999972e+01
1.917785918807983325e+00,3.984000000000000341e+01
1.892294874000549409e+00,4.120000000000000284e+01
1.868877574157714827e+00,4.184000000000000341e+01
1.845225890731811536e+00,4.117999999999999972e+01
1.832836982917785740e+00,4.156000000000000227e+01
1.813602003669738671e+00,4.246999999999999886e+01
1.795379113388061443e+00,4.253000000000000114e+01
1.785502427101135270e+00,4.270000000000000284e+01
1.778588040161132922e+00,4.278000000000000114e+01
1.755580984306335468e+00,4.420000000000000284e+01
1.740687693023681648e+00,4.399000000000000199e+01
1.731442128562927341e+00,4.418999999999999773e+01
1.719291133880615163e+00,4.477000000000000313e+01
1.709046095275878807e+00,4.352000000000000313e+01
1.695344256973266628e+00,4.367000000000000171e+01
1.687826638984680105e+00,4.499000000000000199e+01
1.669976169013976941e+00,4.464000000000000057e+01
1.657603682327270400e+00,4.432000000000000028e+01
1.647328748130798326e+00,4.527000000000000313e+01
1.637934198951721099e+00,4.539999999999999858e+01
1.627281572723388692e+00,4.542000000000000171e+01
1.612353260421752976e+00,4.571000000000000085e+01
1.595192103767395064e+00,4.621999999999999886e+01
1.579402805137634314e+00,4.561999999999999744e+01
1.570648432731628352e+00,4.665999999999999659e+01
1.556769872283935596e+00,4.736999999999999744e+01
1.546569882965087794e+00,4.703999999999999915e+01
1.529274795150756816e+00,4.767999999999999972e+01
1.527730827331542862e+00,4.771000000000000085e+01
1.521936384201049819e+00,4.800000000000000000e+01
1.513574511146545509e+00,4.693999999999999773e+01
1.510812546730041506e+00,4.765999999999999659e+01
1.495902107810974213e+00,4.757000000000000028e+01
1.494850321769714441e+00,4.817999999999999972e+01
1.484368861389160132e+00,4.807999999999999829e+01
1.479564903831481981e+00,4.811999999999999744e+01
1.476925884437561010e+00,4.817000000000000171e+01
1.472742899513244552e+00,4.836999999999999744e+01
1.466831753921508774e+00,4.857999999999999829e+01
1.461813768768310595e+00,4.896999999999999886e+01
1.454272239303588954e+00,4.871000000000000085e+01
1.452306451034545809e+00,4.815999999999999659e+01
1.446377849197387766e+00,4.957000000000000028e+01
1.439756558418273880e+00,4.900999999999999801e+01
1.443132033538818249e+00,4.843999999999999773e+01
1.436308847618102957e+00,4.827000000000000313e+01
1.426555338001251227e+00,4.889999999999999858e+01
1.422479243278503391e+00,4.929999999999999716e+01
1.420318865585327162e+00,4.922999999999999687e+01
1.415717015075683705e+00,4.992999999999999972e+01
1.411774383163452162e+00,4.992999999999999972e+01
1.410970013809204060e+00,5.047999999999999687e+01
1.404266101264953548e+00,4.977000000000000313e+01
1.393744296646118208e+00,5.028999999999999915e+01
1.394487018775939946e+00,4.910000000000000142e+01
1.394794816875457810e+00,5.004999999999999716e+01
1.387512747955322201e+00,4.978000000000000114e+01
1.387566090965270948e+00,5.004999999999999716e+01
1.382974072647094710e+00,4.910000000000000142e+01
1.378125884246826249e+00,5.031000000000000227e+01
1.377260242843628024e+00,5.031000000000000227e+01
1.370307142734527694e+00,4.985000000000000142e+01
1.365992879295349072e+00,4.939999999999999858e+01
1.365602344322204509e+00,5.003000000000000114e+01
1.362938335037231496e+00,5.017999999999999972e+01
1.360065985298156699e+00,5.064000000000000057e+01
1.354135939025878921e+00,5.057000000000000028e+01
1.350038833999633869e+00,5.031000000000000227e+01
1.345381618690490777e+00,5.064999999999999858e+01
1.337169654941558816e+00,5.085999999999999943e+01
1.344867455291748115e+00,5.060999999999999943e+01
1.333185583686828712e+00,5.122999999999999687e+01
1.330532188034057706e+00,5.139000000000000057e+01
1.331744486618041901e+00,5.078000000000000114e+01
1.325132681465148954e+00,5.022999999999999687e+01
1.325032376861572159e+00,5.120000000000000284e+01
1.319241394424438552e+00,5.042000000000000171e+01
1.315254857826232859e+00,5.075000000000000000e+01
1.306729107189178452e+00,5.152000000000000313e+01
1.307950795650482112e+00,5.117000000000000171e+01
1.302434123229980534e+00,5.090999999999999659e+01
1.304881610679626380e+00,5.115999999999999659e+01
1.298494421768188412e+00,5.157999999999999829e+01
1.292186293411254905e+00,5.132999999999999829e+01
1.291560416412353529e+00,5.114999999999999858e+01
1.286700100135803160e+00,5.132999999999999829e+01
1.282247408390045251e+00,5.064999999999999858e+01
1.280933568382263132e+00,5.124000000000000199e+01
1.281885837364196812e+00,5.207000000000000028e+01
1.273830241107940742e+00,5.165999999999999659e+01
1.272259519004821815e+00,5.204999999999999716e+01
1.267738151454925521e+00,5.136999999999999744e+01
1.267976830959320012e+00,5.185000000000000142e+01
1.265282393360138036e+00,5.174000000000000199e+01
1.258880115127563482e+00,5.184000000000000341e+01
1.255598419666290377e+00,5.202000000000000313e+01
1.255057924175262407e+00,5.231000000000000227e+01
1.250697198581695480e+00,5.182999999999999829e+01
1.250836647605896079e+00,5.149000000000000199e+01
1.243158554267883353e+00,5.234000000000000341e+01
1.240102737617492679e+00,5.167000000000000171e+01
1.238580436420440689e+00,5.185000000000000142e+01
1.233237036895751926e+00,5.203999999999999915e+01
1.237215172195434532e+00,5.235000000000000142e+01
1.227264974498748717e+00,5.267999999999999972e+01
1.226417885780334505e+00,5.214999999999999858e+01
1.223867830371856646e+00,5.263000000000000256e+01
1.221623687934875413e+00,5.275999999999999801e+01
1.218658160018920800e+00,5.236999999999999744e+01
1.216425417613983262e+00,5.277000000000000313e+01
1.214894504547119114e+00,5.275000000000000000e+01
1.206797844791412277e+00,5.285000000000000142e+01
1.204503485298156651e+00,5.289999999999999858e+01
1.200698952579498213e+00,5.314999999999999858e+01
1.205375951099395770e+00,5.340999999999999659e+01
1.198618971538543798e+00,5.249000000000000199e+01
1.193380920505523690e+00,5.282000000000000028e+01
1.191282541751861546e+00,5.328000000000000114e+01
1.185462996482849141e+00,5.282999999999999829e+01
1.183618080615997270e+00,5.343999999999999773e+01
1.182816968059539731e+00,5.309000000000000341e+01
1.175809401607513349e+00,5.289000000000000057e+01
1.180671905994415294e+00,5.296999999999999886e+01
1.174778577518463152e+00,5.350999999999999801e+01
1.172239275074005160e+00,5.285999999999999943e+01
1.166031579971313459e+00,5.340999999999999659e+01
1.169359025096893268e+00,5.324000000000000199e+01
1.159877979564666761e+00,5.347999999999999687e+01
1.157474070739746175e+00,5.307000000000000028e+01
1.157898986339569003e+00,5.388000000000000256e+01
1.155167064857482995e+00,5.328999999999999915e+01
1.148783028316497701e+00,5.352000000000000313e+01
1.150340560531616152e+00,5.292000000000000171e+01
1.145734921550750629e+00,5.359000000000000341e+01
1.147500864887237570e+00,5.384000000000000341e+01
1.139815184497833256e+00,5.377000000000000313e+01
1.136838012695312594e+00,5.375000000000000000e+01
1.134481939792633121e+00,5.346000000000000085e+01
1.136400794124603264e+00,5.346000000000000085e+01
1.132068403816223201e+00,5.414999999999999858e+01
1.125521310710906997e+00,5.399000000000000199e+01
1.119745302677154442e+00,5.400000000000000000e+01
1.120110062789916983e+00,5.407999999999999829e+01
1.118895058727264358e+00,5.407000000000000028e+01
1.116921679401397638e+00,5.400999999999999801e+01
1.112847346878051757e+00,5.329999999999999716e+01
1.108697316932678145e+00,5.350999999999999801e+01
1.106005597305297794e+00,5.438000000000000256e+01
1.105558160877227802e+00,5.404999999999999716e+01
1.101781958770752023e+00,5.390999999999999659e+01
1.100934409141540504e+00,5.403999999999999915e+01
1.096096649169921777e+00,5.388000000000000256e+01
1.094884867095947234e+00,5.389000000000000057e+01
1.087192824554443327e+00,5.409000000000000341e+01
1.090358845233917240e+00,5.411999999999999744e+01
1.087407137870788576e+00,5.402000000000000313e+01
1.080241572093963542e+00,5.429999999999999716e+01
1.079001608180999661e+00,5.395000000000000284e+01
1.075340548515319794e+00,5.467000000000000171e+01
1.074976929569244399e+00,5.415999999999999659e+01
1.066546981143951411e+00,5.415999999999999659e+01
1.065310991096496629e+00,5.435000000000000142e+01
1.062216321563720811e+00,5.445000000000000284e+01
1.060871774196624706e+00,5.439999999999999858e+01
1.057196456336975121e+00,5.438000000000000256e+01
1.055277340698242083e+00,5.396000000000000085e+01
1.053415118598937994e+00,5.428000000000000114e+01
1.051165624332427884e+00,5.450000000000000000e+01
1.049536088943481493e+00,5.449000000000000199e+01
1.044851158332824603e+00,5.486999999999999744e+01
1.043415983486175591e+00,5.495000000000000284e+01
1.038937095832824786e+00,5.459000000000000341e+01
1.038535759067535480e+00,5.471000000000000085e+01
1.035212785720825091e+00,5.463000000000000256e+01
1.032571295261383026e+00,5.468999999999999773e+01
1.027535961627960237e+00,5.465999999999999659e+01
1.032682000923156762e+00,5.479999999999999716e+01
1.026236908435821604e+00,5.428000000000000114e+01
1.026167800140380892e+00,5.475000000000000000e+01
1.022592384243011576e+00,5.479999999999999716e+01
1.019956992816924979e+00,5.490999999999999659e+01
1.018866120147705168e+00,5.514000000000000057e+01
1.013636243534088210e+00,5.453999999999999915e+01
1.010010978794097847e+00,5.492000000000000171e+01
1.011594906139373862e+00,5.492999999999999972e+01
1.008092766475677582e+00,5.492999999999999972e+01
1.001261545276641796e+00,5.467000000000000171e+01
1.003896742153167709e+00,5.489999999999999858e+01
1.001960244560241797e+00,5.534000000000000341e+01
9.978460247993469201e-01,5.461999999999999744e+01
9.962908137321472291e-01,5.517000000000000171e+01
9.945327899932860927e-01,5.496000000000000085e+01
9.915835302352905556e-01,5.460000000000000142e+01
9.907302312850951864e-01,5.513000000000000256e+01
9.857607939720153256e-01,5.507000000000000028e+01
9.858071308135986088e-01,5.520000000000000284e+01
9.838908807754516150e-01,5.539000000000000057e+01
9.813767435073852408e-01,5.496000000000000085e+01
9.760121715545654331e-01,5.467000000000000171e+01
9.774446227073669835e-01,5.499000000000000199e+01
9.729196411132812194e-01,5.578999999999999915e+01
9.693637267112732436e-01,5.553999999999999915e+01
9.698819154739379833e-01,5.527000000000000313e+01
9.679115012168884036e-01,5.539000000000000057e+01
9.659277593612670687e-01,5.525999999999999801e+01
9.658046360969543276e-01,5.517000000000000171e+01
9.604267726898193525e-01,5.556000000000000227e+01
9.588721476554870060e-01,5.521000000000000085e+01
9.590839784622192665e-01,5.549000000000000199e+01
9.569705009460449663e-01,5.563000000000000256e+01
9.519989548683166491e-01,5.525999999999999801e+01
9.534909738540648938e-01,5.529999999999999716e+01
9.499456164360046140e-01,5.492999999999999972e+01
9.507924147605896215e-01,5.525000000000000000e+01
9.477220679283142601e-01,5.499000000000000199e+01
9.442031415939331485e-01,5.542999999999999972e+01
9.416441543579101570e-01,5.493999999999999773e+01
9.384633821487426975e-01,5.514999999999999858e+01
9.381154939651489277e-01,5.556000000000000227e+01
9.380650519371033225e-01,5.578000000000000114e+01
9.343997523307799868e-01,5.550000000000000000e+01
9.354192257881164263e-01,5.531000000000000227e+01
9.353343595504760577e-01,5.557000000000000028e+01
9.302353865623473883e-01,5.552000000000000313e+01
9.301243696212768697e-01,5.581000000000000227e+01
9.257426352500915945e-01,5.549000000000000199e+01
9.264708157539367495e-01,5.536999999999999744e+01
9.196834521293639764e-01,5.525999999999999801e+01
9.217765735626221035e-01,5.546999999999999886e+01
9.198773544311523720e-01,5.561999999999999744e+01
9.197192861557006438e-01,5.567000000000000171e+01
9.152506188392639519e-01,5.550999999999999801e+01
9.145743919372558706e-01,5.547999999999999687e+01
9.126808960914611912e-01,5.561999999999999744e+01
9.121042785644530859e-01,5.556000000000000227e+01
9.119173137664794426e-01,5.565999999999999659e+01
9.111597532272338595e-01,5.574000000000000199e+01
9.104975200653075973e-01,5.553000000000000114e+01
9.066384035110474082e-01,5.557000000000000028e+01
9.071337194442748997e-01,5.604999999999999716e+01
9.077125079154968468e-01,5.599000000000000199e+01
9.004061146736145327e-01,5.575999999999999801e+01
9.024487971305846790e-01,5.581000000000000227e+01
9.005030725479126197e-01,5.563000000000000256e+01
9.015095767974853347e-01,5.593999999999999773e+01
8.987359733581542498e-01,5.597999999999999687e+01
8.973024201393127175e-01,5.596000000000000085e+01
8.999217886924744114e-01,5.571000000000000085e+01
8.951758123397827172e-01,5.577000000000000313e+01
8.950803203582763379e-01,5.574000000000000199e+01
8.968532127380370866e-01,5.602000000000000313e+01
8.916179410934448324e-01,5.600000000000000000e+01
8.906918489456177035e-01,5.553999999999999915e+01
8.927001524925232134e-01,5.579999999999999716e+01
8.909364027023315424e-01,5.606000000000000227e+01
8.901182162284850818e-01,5.582999999999999829e+01
8.880193753242492383e-01,5.560000000000000142e+01
8.858470612525940480e-01,5.581000000000000227e+01
8.872718582153320543e-01,5.585999999999999943e+01
8.865439446449280281e-01,5.574000000000000199e+01
8.864026761054992765e-01,5.582000000000000028e+01
8.873397000312804872e-01,5.586999999999999744e+01
8.849286362648010051e-01,5.575999999999999801e+01
8.826338794708251667e-01,5.571999999999999886e+01
8.875923093795776708e-01,5.584000000000000341e+01
8.830113621711730421e-01,5.593999999999999773e+01
8.819675152778625460e-01,5.593999999999999773e+01
8.848254888534545781e-01,5.588000000000000256e+01
8.823936269760132012e-01,5.590999999999999659e+01
8.824397294044494799e-01,5.584000000000000341e+01
8.826964068412780362e-01,5.585999999999999943e+01
8.793714532852172638e-01,5.586999999999999744e+01
8.793065316200255888e-01,5.592999999999999972e+01
8.786280538558960407e-01,5.582999999999999829e+01
8.800287578582763892e-01,5.582999999999999829e+01
8.825214239120483528e-01,5.585000000000000142e+01
8.782103561401367608e-01,5.581000000000000227e+01
8.782511855125427758e-01,5.582999999999999829e+01
8.778926993370056442e-01,5.578999999999999915e+01
8.814163101196289540e-01,5.578999999999999915e+01
