Loss,Accuracy
4.287617431259155509e+00,7.889999999999999680e+00
3.841693596649169873e+00,1.361999999999999922e+01
3.612819409561157435e+00,1.782000000000000028e+01
3.476127013778686603e+00,1.848999999999999844e+01
3.389573435211181707e+00,2.032000000000000028e+01
3.317270677566528381e+00,1.982999999999999829e+01
3.262727518844604546e+00,2.248000000000000043e+01
3.210956180572509755e+00,2.287000000000000099e+01
3.164950254440307642e+00,2.498000000000000043e+01
3.128948624038696114e+00,2.371999999999999886e+01
3.093899403762817357e+00,2.460999999999999943e+01
3.058617988586425973e+00,2.580999999999999872e+01
3.028815126037597505e+00,2.575000000000000000e+01
2.999837070083618329e+00,2.639999999999999858e+01
2.975352057647705273e+00,2.648000000000000043e+01
2.947914132308960156e+00,2.733999999999999986e+01
2.929154320526123012e+00,2.794999999999999929e+01
2.914131431961059615e+00,2.825000000000000000e+01
2.895462553405761863e+00,2.842000000000000171e+01
2.869024273681640480e+00,2.850000000000000000e+01
2.855673274230956959e+00,2.792000000000000171e+01
2.838734726715087753e+00,2.960999999999999943e+01
2.825073326873779322e+00,2.939000000000000057e+01
2.805523378753662200e+00,2.941000000000000014e+01
2.786538031005859395e+00,3.037999999999999901e+01
2.773790201187133597e+00,3.073999999999999844e+01
2.754876754760742230e+00,3.101000000000000156e+01
2.743341903305053897e+00,3.023999999999999844e+01
2.728874283218383656e+00,3.108999999999999986e+01
2.715358285140991423e+00,3.117000000000000171e+01
2.700854148864745952e+00,3.135999999999999943e+01
2.686256086730956838e+00,3.206000000000000227e+01
2.673162858963012756e+00,3.173999999999999844e+01
2.658461190795898599e+00,3.171999999999999886e+01
2.647620430374145517e+00,3.213000000000000256e+01
2.634935524368286153e+00,3.210999999999999943e+01
2.613904549407958910e+00,3.289000000000000057e+01
2.616371545410156152e+00,3.317000000000000171e+01
2.598063708496093582e+00,3.381000000000000227e+01
2.587378289031982526e+00,3.315999999999999659e+01
2.578404040527343621e+00,3.320000000000000284e+01
2.565569188117980737e+00,3.438000000000000256e+01
2.557299997329711694e+00,3.407999999999999829e+01
2.543199836730956953e+00,3.443999999999999773e+01
2.540484514999389543e+00,3.518999999999999773e+01
2.522436755561828559e+00,3.471999999999999886e+01
2.509564794540405153e+00,3.420000000000000284e+01
2.506631712913513166e+00,3.497999999999999687e+01
2.492934029006958152e+00,3.442000000000000171e+01
2.489399473571777488e+00,3.471999999999999886e+01
2.479490010452270354e+00,3.586999999999999744e+01
2.467446908760071000e+00,3.560000000000000142e+01
2.454491861724853674e+00,3.589999999999999858e+01
2.445867626571655240e+00,3.647999999999999687e+01
2.437479155731200997e+00,3.620000000000000284e+01
2.427746134948730372e+00,3.646999999999999886e+01
2.413170465087890459e+00,3.585999999999999943e+01
2.403214009284972974e+00,3.654999999999999716e+01
2.396011303329467879e+00,3.763000000000000256e+01
2.379546133804321340e+00,3.690999999999999659e+01
2.362836798477172984e+00,3.721000000000000085e+01
2.351789374923705989e+00,3.778999999999999915e+01
2.335128887748718185e+00,3.754999999999999716e+01
2.324476023101806454e+00,3.803999999999999915e+01
2.312296257972717317e+00,3.885999999999999943e+01
2.305814729881286773e+00,3.907000000000000028e+01
2.289395812416076481e+00,3.893999999999999773e+01
2.282704937362670883e+00,3.932999999999999829e+01
2.277304168510437155e+00,3.865999999999999659e+01
2.267634626960754574e+00,3.886999999999999744e+01
2.261703299140930046e+00,3.925000000000000000e+01
2.253276814270019468e+00,3.982000000000000028e+01
2.243736344528198146e+00,4.009000000000000341e+01
2.233946320915222383e+00,3.921000000000000085e+01
2.222502735710143895e+00,4.007999999999999829e+01
2.214145545959472550e+00,3.986999999999999744e+01
2.217819087409973022e+00,3.896999999999999886e+01
2.205224420166015609e+00,3.907999999999999829e+01
2.194259268569946464e+00,4.004999999999999716e+01
2.191219184875488502e+00,4.093999999999999773e+01
2.178651376152038743e+00,4.004999999999999716e+01
2.176134241676330738e+00,4.043999999999999773e+01
2.164461983680725066e+00,4.079999999999999716e+01
2.160038740921020661e+00,4.093999999999999773e+01
2.155736072540283210e+00,4.085999999999999943e+01
2.148196044158935614e+00,4.103000000000000114e+01
2.140717464828491234e+00,4.110000000000000142e+01
2.138014966392517202e+00,4.146999999999999886e+01
2.133482431411743097e+00,4.125000000000000000e+01
2.119264381790161078e+00,4.090999999999999659e+01
2.114316631698608617e+00,4.115999999999999659e+01
2.109328133392334159e+00,4.159000000000000341e+01
2.102866015625000085e+00,4.175999999999999801e+01
2.095936643981933578e+00,4.200000000000000000e+01
2.093796194267273147e+00,4.232000000000000028e+01
2.090006332206725936e+00,4.193999999999999773e+01
2.084573065757751476e+00,4.227000000000000313e+01
2.076701699638366705e+00,4.227000000000000313e+01
2.067514687728881917e+00,4.234000000000000341e+01
2.064043106079101353e+00,4.218999999999999773e+01
2.063766597557068039e+00,4.228999999999999915e+01
2.056095881271362114e+00,4.260999999999999943e+01
2.053424981117248471e+00,4.253000000000000114e+01
2.044192641639709596e+00,4.278999999999999915e+01
2.048056159400939880e+00,4.325999999999999801e+01
2.038421372604370063e+00,4.250999999999999801e+01
2.039399400520324868e+00,4.242999999999999972e+01
2.026523573493957731e+00,4.253000000000000114e+01
2.023909889030456544e+00,4.292000000000000171e+01
2.019288249015807946e+00,4.261999999999999744e+01
2.016097710990905956e+00,4.246000000000000085e+01
2.008797345542907564e+00,4.217000000000000171e+01
2.004776295089721661e+00,4.239999999999999858e+01
2.002975473022460928e+00,4.361999999999999744e+01
1.995827655220031804e+00,4.392999999999999972e+01
1.993021828460693312e+00,4.320000000000000284e+01
1.990778922653198224e+00,4.389000000000000057e+01
1.983218807983398335e+00,4.307999999999999829e+01
1.981089255714416408e+00,4.307000000000000028e+01
1.972321056556701757e+00,4.368999999999999773e+01
1.969735915756225531e+00,4.382000000000000028e+01
1.963455418395996022e+00,4.377000000000000313e+01
1.965233261680602972e+00,4.318999999999999773e+01
1.956285582351684482e+00,4.414999999999999858e+01
1.954560519599914503e+00,4.267999999999999972e+01
1.946958039283752440e+00,4.409000000000000341e+01
1.946003670501708971e+00,4.374000000000000199e+01
1.944588203239440816e+00,4.428999999999999915e+01
1.941913444328308147e+00,4.331000000000000227e+01
1.933903260421752979e+00,4.434000000000000341e+01
1.928908035850524838e+00,4.450999999999999801e+01
1.929373912811279235e+00,4.431000000000000227e+01
1.922737607002258375e+00,4.417000000000000171e+01
1.920711293792724650e+00,4.432000000000000028e+01
1.912408416557312085e+00,4.467000000000000171e+01
1.905044890785217326e+00,4.445000000000000284e+01
1.913106834030151360e+00,4.453999999999999915e+01
1.900375591468810965e+00,4.424000000000000199e+01
1.898819842910766553e+00,4.421000000000000085e+01
1.898555147361755457e+00,4.502000000000000313e+01
1.892383023643493756e+00,4.497999999999999687e+01
1.889764326095580982e+00,4.457999999999999829e+01
1.888482010841369574e+00,4.453000000000000114e+01
1.890428759765625077e+00,4.496000000000000085e+01
1.882194330787658743e+00,4.509000000000000341e+01
1.875625954055786027e+00,4.461999999999999744e+01
1.873458270454406716e+00,4.457999999999999829e+01
1.861981510734558087e+00,4.556000000000000227e+01
1.860222096061706631e+00,4.485000000000000142e+01
1.864462179565429700e+00,4.489000000000000057e+01
1.855777555465698336e+00,4.500000000000000000e+01
1.847699315643310580e+00,4.550000000000000000e+01
1.849130055046081633e+00,4.504999999999999716e+01
1.848167726516723564e+00,4.527000000000000313e+01
1.845364966583251887e+00,4.496999999999999886e+01
1.846504614639282282e+00,4.528000000000000114e+01
1.839757223892211968e+00,4.521000000000000085e+01
1.828938799095153778e+00,4.550000000000000000e+01
1.830832679176330524e+00,4.568999999999999773e+01
1.822345953750610370e+00,4.540999999999999659e+01
1.826395172309875470e+00,4.561999999999999744e+01
1.821956861114502058e+00,4.507999999999999829e+01
1.817791537284850989e+00,4.509000000000000341e+01
1.811371608543395961e+00,4.545000000000000284e+01
1.812215789031982327e+00,4.585999999999999943e+01
1.810032447433471692e+00,4.518999999999999773e+01
1.806134363174438429e+00,4.529999999999999716e+01
1.797421791267395097e+00,4.500999999999999801e+01
1.795992689132690501e+00,4.572999999999999687e+01
1.793195520973205559e+00,4.517999999999999972e+01
1.790101156616210831e+00,4.553999999999999915e+01
1.790656563758850073e+00,4.610000000000000142e+01
1.786781074714660633e+00,4.588000000000000256e+01
1.780648245048523037e+00,4.567999999999999972e+01
1.776839381027221609e+00,4.606000000000000227e+01
1.780034576797485446e+00,4.561999999999999744e+01
1.777205850410461530e+00,4.585999999999999943e+01
1.767345395278930642e+00,4.596000000000000085e+01
1.761496848297119167e+00,4.593999999999999773e+01
1.765267867279052716e+00,4.667999999999999972e+01
1.761173390197753985e+00,4.621999999999999886e+01
1.753727158546447784e+00,4.572999999999999687e+01
1.755153738403320229e+00,4.621000000000000085e+01
1.746560558891296466e+00,4.625000000000000000e+01
1.742466213417053211e+00,4.595000000000000284e+01
1.743661664772033770e+00,4.600000000000000000e+01
1.738282008934020961e+00,4.593999999999999773e+01
1.737516564369201655e+00,4.589000000000000057e+01
1.733518034362792948e+00,4.653000000000000114e+01
1.728473942756652892e+00,4.606000000000000227e+01
1.730993696975708040e+00,4.546000000000000085e+01
1.725377419662475598e+00,4.625000000000000000e+01
1.724568752288818452e+00,4.650000000000000000e+01
1.719179157257080037e+00,4.621000000000000085e+01
1.718235218429565503e+00,4.668999999999999773e+01
1.713338235092163098e+00,4.632999999999999829e+01
1.709886205673217807e+00,4.614000000000000057e+01
1.706398092079162598e+00,4.592000000000000171e+01
1.699662506675720275e+00,4.645000000000000284e+01
1.703622663497924794e+00,4.640999999999999659e+01
1.699220264053344698e+00,4.670000000000000284e+01
1.696598609924316436e+00,4.671999999999999886e+01
1.695280312156677294e+00,4.681000000000000227e+01
1.688633414459228543e+00,4.646999999999999886e+01
1.692389253616332967e+00,4.664000000000000057e+01
1.683209165763855042e+00,4.654999999999999716e+01
1.683044852638244659e+00,4.689999999999999858e+01
1.681846796226501572e+00,4.671999999999999886e+01
1.672233195495605562e+00,4.677000000000000313e+01
1.672614689254760645e+00,4.682000000000000028e+01
1.667822644805908139e+00,4.702000000000000313e+01
1.661170903396606446e+00,4.707000000000000028e+01
1.665096176910400461e+00,4.710000000000000142e+01
1.664966657638549785e+00,4.729999999999999716e+01
1.653956645011901871e+00,4.667999999999999972e+01
1.648551515579223636e+00,4.724000000000000199e+01
1.653658202552795498e+00,4.697999999999999687e+01
1.644781546974182218e+00,4.718999999999999773e+01
1.645145462989807239e+00,4.714000000000000057e+01
1.636855982971191503e+00,4.739000000000000057e+01
1.640664572715759384e+00,4.743999999999999773e+01
1.635888780021667488e+00,4.739999999999999858e+01
1.628521617889404194e+00,4.768999999999999773e+01
1.622925105857849104e+00,4.710000000000000142e+01
1.625298684310913178e+00,4.738000000000000256e+01
1.627068101310729986e+00,4.700999999999999801e+01
1.621463316726684534e+00,4.671999999999999886e+01
1.620883109474182238e+00,4.743999999999999773e+01
1.618294432830810647e+00,4.681000000000000227e+01
1.615031897163391017e+00,4.720000000000000284e+01
1.611282303047180120e+00,4.703999999999999915e+01
1.609288051605224590e+00,4.752000000000000313e+01
1.610906439971923731e+00,4.686999999999999744e+01
1.601326378631591885e+00,4.743999999999999773e+01
1.597897369384765565e+00,4.760999999999999943e+01
1.596822618675231897e+00,4.761999999999999744e+01
1.596210493469238267e+00,4.763000000000000256e+01
1.592417733764648347e+00,4.765999999999999659e+01
1.595222448921203684e+00,4.760000000000000142e+01
1.586994322013854930e+00,4.754999999999999716e+01
1.588952534103393655e+00,4.750999999999999801e+01
1.581656645584106347e+00,4.752000000000000313e+01
1.581894280433654876e+00,4.810999999999999943e+01
1.577983782196044960e+00,4.753999999999999915e+01
1.577233541297912600e+00,4.732999999999999829e+01
1.572168634414672805e+00,4.771000000000000085e+01
1.571190672874450689e+00,4.772999999999999687e+01
1.569844437217712496e+00,4.768999999999999773e+01
1.566678236007690517e+00,4.775999999999999801e+01
1.563816373634338452e+00,4.760000000000000142e+01
1.565507502937316886e+00,4.785000000000000142e+01
1.563450774192810089e+00,4.789000000000000057e+01
1.560318122100829985e+00,4.800000000000000000e+01
1.557010820960998521e+00,4.782999999999999829e+01
1.556821626281738258e+00,4.789999999999999858e+01
1.556879654407501201e+00,4.807000000000000028e+01
1.549707706546783470e+00,4.796000000000000085e+01
1.553458453750610424e+00,4.810999999999999943e+01
1.544348522758483888e+00,4.820000000000000284e+01
1.553221526145935005e+00,4.828000000000000114e+01
1.549201940536498956e+00,4.811999999999999744e+01
1.547302640628814618e+00,4.817000000000000171e+01
1.537528305816650454e+00,4.809000000000000341e+01
1.549022625637054507e+00,4.815999999999999659e+01
1.544142375373840359e+00,4.810000000000000142e+01
1.543712201499938930e+00,4.811999999999999744e+01
1.540580052185058557e+00,4.793999999999999773e+01
1.533873124122619558e+00,4.820000000000000284e+01
1.539400985336303762e+00,4.809000000000000341e+01
1.533848740386962950e+00,4.807999999999999829e+01
1.532825115013122463e+00,4.800000000000000000e+01
1.531952953720092880e+00,4.797999999999999687e+01
1.526252606582641613e+00,4.802000000000000313e+01
1.529665447425842206e+00,4.803999999999999915e+01
1.533889340591430672e+00,4.810999999999999943e+01
1.528038401985168493e+00,4.802000000000000313e+01
1.530265243530273489e+00,4.789000000000000057e+01
1.527181398582458494e+00,4.800999999999999801e+01
1.526599861526489299e+00,4.809000000000000341e+01
1.523853496932983331e+00,4.810000000000000142e+01
1.522172673606872584e+00,4.815999999999999659e+01
1.520171756076812652e+00,4.807000000000000028e+01
1.523706695175170989e+00,4.806000000000000227e+01
1.517048966026306234e+00,4.817000000000000171e+01
1.520233493423461812e+00,4.822999999999999687e+01
1.521534511566162040e+00,4.824000000000000199e+01
1.518783214473724330e+00,4.817000000000000171e+01
1.520140500450134269e+00,4.810999999999999943e+01
1.516436451339721714e+00,4.807999999999999829e+01
1.514463900566101140e+00,4.824000000000000199e+01
1.517419025993347104e+00,4.815999999999999659e+01
1.517141490173339768e+00,4.810999999999999943e+01
1.518942344093322738e+00,4.817000000000000171e+01
1.520622056961059565e+00,4.814000000000000057e+01
1.516504002189636324e+00,4.814000000000000057e+01
1.519172113609313923e+00,4.815999999999999659e+01
1.511252052497863874e+00,4.815999999999999659e+01
1.515162845802307201e+00,4.813000000000000256e+01
1.517897885322570861e+00,4.814000000000000057e+01
1.515845357513427638e+00,4.814000000000000057e+01
