Loss,Accuracy
4.037806406402587811e+00,1.348000000000000043e+01
3.324246470260620256e+00,2.332999999999999829e+01
2.895422087860107574e+00,2.942000000000000171e+01
2.619728609848022582e+00,3.625999999999999801e+01
2.414070479011535486e+00,3.849000000000000199e+01
2.286942541122436445e+00,4.071000000000000085e+01
2.170632391738891442e+00,4.114000000000000057e+01
2.080534041023254233e+00,4.335000000000000142e+01
1.997315514373779299e+00,4.567999999999999972e+01
1.932562274551391512e+00,4.700000000000000000e+01
1.869127592849731512e+00,4.761999999999999744e+01
1.817215246200561518e+00,4.832000000000000028e+01
1.777118717193603592e+00,5.017999999999999972e+01
1.735796593475341876e+00,4.986999999999999744e+01
1.686221277618408232e+00,5.060999999999999943e+01
1.659427834510803113e+00,5.134000000000000341e+01
1.623581248283386236e+00,5.224000000000000199e+01
1.586685167503356864e+00,5.213000000000000256e+01
1.557595050048828034e+00,5.314999999999999858e+01
1.539164227008819497e+00,5.254999999999999716e+01
1.504087939167022769e+00,5.272999999999999687e+01
1.484172980403900111e+00,5.275000000000000000e+01
1.459098469352722249e+00,5.418999999999999773e+01
1.431269801521301233e+00,5.381000000000000227e+01
1.413766958999633783e+00,5.379999999999999716e+01
1.390287587642669687e+00,5.459000000000000341e+01
1.366366676330566410e+00,5.365999999999999659e+01
1.347279121398925694e+00,5.503999999999999915e+01
1.334115632343292335e+00,5.559000000000000341e+01
1.314814132785797174e+00,5.600999999999999801e+01
1.293066024684905946e+00,5.553999999999999915e+01
1.274919970893859889e+00,5.603999999999999915e+01
1.248958355045318713e+00,5.474000000000000199e+01
1.235200715065002397e+00,5.561999999999999744e+01
1.220597119235992345e+00,5.607999999999999829e+01
1.206139932250976488e+00,5.531000000000000227e+01
1.190691044044494662e+00,5.647999999999999687e+01
1.171077237796783521e+00,5.600999999999999801e+01
1.154584200382232639e+00,5.690999999999999659e+01
1.135713897991180499e+00,5.635000000000000142e+01
1.122111342525482280e+00,5.711999999999999744e+01
1.107182827854156448e+00,5.682999999999999829e+01
1.086764768981933527e+00,5.746999999999999886e+01
1.070158618450164800e+00,5.581000000000000227e+01
1.055960009193420479e+00,5.681000000000000227e+01
1.047178171920776446e+00,5.706000000000000227e+01
1.024860880565643395e+00,5.735000000000000142e+01
1.011798687362670979e+00,5.721000000000000085e+01
9.910421525001525955e-01,5.743999999999999773e+01
9.784745348930359299e-01,5.792999999999999972e+01
9.691742542266845728e-01,5.728000000000000114e+01
9.451125677108764833e-01,5.754999999999999716e+01
9.320171971321106197e-01,5.807999999999999829e+01
9.191093838691711815e-01,5.772999999999999687e+01
9.037863723754883116e-01,5.775999999999999801e+01
8.871939962863921725e-01,5.778999999999999915e+01
8.763897389411926531e-01,5.765999999999999659e+01
8.572934356689453361e-01,5.724000000000000199e+01
8.444567084312438743e-01,5.807999999999999829e+01
8.315992165565491145e-01,5.803000000000000114e+01
8.149325365543365063e-01,5.825999999999999801e+01
7.984392528533935662e-01,5.852000000000000313e+01
7.854415591716766842e-01,5.814000000000000057e+01
7.705063461303710559e-01,5.789999999999999858e+01
7.577697141170501860e-01,5.785999999999999943e+01
7.458835396766662074e-01,5.836999999999999744e+01
7.337160038471222112e-01,5.804999999999999716e+01
7.197563454627990964e-01,5.822999999999999687e+01
7.088993177890777764e-01,5.875999999999999801e+01
6.955840625286102696e-01,5.792999999999999972e+01
6.816980406284331995e-01,5.788000000000000256e+01
6.684436086654662601e-01,5.824000000000000199e+01
6.561531368732452796e-01,5.821000000000000085e+01
6.533209443092345969e-01,5.806000000000000227e+01
6.400226218700408864e-01,5.814999999999999858e+01
6.266450525760650647e-01,5.829999999999999716e+01
6.173069888114929293e-01,5.829999999999999716e+01
6.048251101016998144e-01,5.842999999999999972e+01
5.991044640064239202e-01,5.809000000000000341e+01
5.909751818180084548e-01,5.829999999999999716e+01
5.789687153339385661e-01,5.813000000000000256e+01
5.701127363681792737e-01,5.846000000000000085e+01
5.671574306488037509e-01,5.828000000000000114e+01
5.563368801116943541e-01,5.839999999999999858e+01
5.527172739028930470e-01,5.814000000000000057e+01
5.472665510654449728e-01,5.839999999999999858e+01
5.377809546470642132e-01,5.838000000000000256e+01
5.315397565841675220e-01,5.827000000000000313e+01
5.253424307823181261e-01,5.821999999999999886e+01
5.219743357658386262e-01,5.810000000000000142e+01
5.196287003040314101e-01,5.803000000000000114e+01
5.147585459232330019e-01,5.818999999999999773e+01
5.129956583499908351e-01,5.817999999999999972e+01
5.078221994876861434e-01,5.825000000000000000e+01
5.057437402725220021e-01,5.811999999999999744e+01
5.073496771812439077e-01,5.825000000000000000e+01
5.027948523521423851e-01,5.814000000000000057e+01
4.978816751956939846e-01,5.813000000000000256e+01
5.010427850723266907e-01,5.813000000000000256e+01
5.019811264514922877e-01,5.813000000000000256e+01
