Loss,Accuracy
4.210491658401489090e+00,1.033000000000000007e+01
3.740349707031250137e+00,1.573000000000000043e+01
3.474739682769775406e+00,1.971000000000000085e+01
3.290133608627319184e+00,2.273000000000000043e+01
3.143328632354736474e+00,2.498000000000000043e+01
3.029430313873290981e+00,2.678999999999999915e+01
2.943306760025024449e+00,2.814999999999999858e+01
2.865042326354980684e+00,3.071000000000000085e+01
2.790885816192627100e+00,3.119999999999999929e+01
2.729750149917602453e+00,3.268999999999999773e+01
2.659604889678955253e+00,3.327000000000000313e+01
2.596855641937255932e+00,3.414000000000000057e+01
2.544412954330444343e+00,3.454999999999999716e+01
2.500208164215087958e+00,3.615999999999999659e+01
2.454405841064453142e+00,3.614999999999999858e+01
2.407680221557617184e+00,3.647999999999999687e+01
2.374727692794799783e+00,3.789999999999999858e+01
2.340125839614868308e+00,3.838000000000000256e+01
2.302951292419433749e+00,3.878000000000000114e+01
2.270704962921142656e+00,4.013000000000000256e+01
2.244832304382324395e+00,3.932000000000000028e+01
2.210101879501342736e+00,4.100999999999999801e+01
2.173818605613708321e+00,4.099000000000000199e+01
2.152129059219360485e+00,4.178999999999999915e+01
2.118720244407653830e+00,4.231000000000000227e+01
2.104306378364563024e+00,4.239000000000000057e+01
2.067382206916809295e+00,4.202000000000000313e+01
2.058858184623718390e+00,4.235999999999999943e+01
2.035644541740417424e+00,4.260999999999999943e+01
2.019060701751708820e+00,4.364000000000000057e+01
1.997658226776123147e+00,4.382999999999999829e+01
1.978499381256103584e+00,4.389000000000000057e+01
1.960673250198364359e+00,4.503000000000000114e+01
1.941303568267822355e+00,4.428000000000000114e+01
1.929413703727722140e+00,4.520000000000000284e+01
1.902525855445861724e+00,4.452000000000000313e+01
1.891374957084655861e+00,4.293999999999999773e+01
1.866632946968078688e+00,4.492000000000000171e+01
1.851668386840820357e+00,4.496999999999999886e+01
1.836591280555725181e+00,4.625999999999999801e+01
1.813672227096557510e+00,4.560999999999999943e+01
1.798279645729064846e+00,4.618999999999999773e+01
1.789709097480773892e+00,4.646999999999999886e+01
1.764872440338134840e+00,4.753999999999999915e+01
1.757586893081664936e+00,4.697999999999999687e+01
1.745619955444335902e+00,4.717999999999999972e+01
1.730123356246948241e+00,4.725000000000000000e+01
1.720711725807190007e+00,4.728000000000000114e+01
1.703117852973937918e+00,4.759000000000000341e+01
1.690883295631408600e+00,4.756000000000000227e+01
1.683512775230407765e+00,4.803999999999999915e+01
1.674156517219543394e+00,4.754999999999999716e+01
1.664383049201965337e+00,4.847999999999999687e+01
1.655890689659118564e+00,4.710000000000000142e+01
1.640606676101684647e+00,4.840999999999999659e+01
1.633578396034240710e+00,4.835000000000000142e+01
1.625828211975097748e+00,4.875999999999999801e+01
1.619459037971496596e+00,4.853999999999999915e+01
1.598222363853454508e+00,4.960000000000000142e+01
1.606610527420043955e+00,4.861999999999999744e+01
1.588531655502319229e+00,4.972999999999999687e+01
1.583719540309906026e+00,4.871000000000000085e+01
1.578101886463165293e+00,4.857000000000000028e+01
1.572922698783874473e+00,4.915999999999999659e+01
1.562621639442443922e+00,4.886999999999999744e+01
1.559676950263977124e+00,4.952000000000000313e+01
1.547761167907714785e+00,4.935000000000000142e+01
1.541912404441833528e+00,4.952000000000000313e+01
1.536975772285461339e+00,4.963000000000000256e+01
1.524799986743927027e+00,5.010999999999999943e+01
1.519182547092437829e+00,5.004999999999999716e+01
1.507028837776184016e+00,4.921000000000000085e+01
1.501882653617858887e+00,5.013000000000000256e+01
1.493857905006408693e+00,5.082999999999999829e+01
1.480985551643371645e+00,5.018999999999999773e+01
1.480346452522277811e+00,5.007000000000000028e+01
1.469738888931274357e+00,5.070000000000000284e+01
1.459993639373779351e+00,5.021999999999999886e+01
1.459669952201843257e+00,5.077000000000000313e+01
1.454922514533996569e+00,5.121999999999999886e+01
1.448143974685669022e+00,5.131000000000000227e+01
1.437046556091308602e+00,5.057999999999999829e+01
1.427408210182189885e+00,5.117000000000000171e+01
1.421378282165527418e+00,5.132999999999999829e+01
1.412910747241973963e+00,5.099000000000000199e+01
1.408171557903289850e+00,5.085000000000000142e+01
1.407484620380401674e+00,5.097999999999999687e+01
1.400718156051635743e+00,5.125999999999999801e+01
1.392048109054565330e+00,5.047999999999999687e+01
1.381007635784149201e+00,5.156000000000000227e+01
1.373519694423675608e+00,5.200999999999999801e+01
1.374649480438232318e+00,5.067999999999999972e+01
1.361056423187255948e+00,5.175000000000000000e+01
1.356474732971191477e+00,5.171999999999999886e+01
1.351196786117553783e+00,5.245000000000000284e+01
1.344121003437042328e+00,5.178999999999999915e+01
1.333839577865600479e+00,5.185000000000000142e+01
1.330027745532989414e+00,5.178000000000000114e+01
1.328579951000213644e+00,5.252000000000000313e+01
1.318192810058593789e+00,5.199000000000000199e+01
1.313308922386169364e+00,5.252000000000000313e+01
1.313569206047058069e+00,5.292999999999999972e+01
1.304006527900695822e+00,5.200999999999999801e+01
1.295608401489257711e+00,5.165999999999999659e+01
1.293739543342590226e+00,5.145000000000000284e+01
1.288139089202880783e+00,5.140999999999999659e+01
1.281165670871734719e+00,5.238000000000000256e+01
1.271614109516143731e+00,5.181000000000000227e+01
1.269603647613525288e+00,5.142000000000000171e+01
1.258825093936920103e+00,5.161999999999999744e+01
1.256345790386199868e+00,5.253999999999999915e+01
1.253036290740966896e+00,5.272999999999999687e+01
1.244120035076141439e+00,5.200000000000000000e+01
1.236509773731231610e+00,5.278999999999999915e+01
1.238769471454620463e+00,5.310999999999999943e+01
1.227379512119293192e+00,5.240999999999999659e+01
1.226613733291626041e+00,5.242999999999999972e+01
1.220983654117584249e+00,5.272999999999999687e+01
1.213957717704772898e+00,5.300999999999999801e+01
1.207702905654907122e+00,5.307999999999999829e+01
1.198836019706726042e+00,5.185999999999999943e+01
1.193573896980285598e+00,5.259000000000000341e+01
1.185465639019012363e+00,5.314000000000000057e+01
1.185861291313171417e+00,5.278000000000000114e+01
1.180663127422332703e+00,5.282000000000000028e+01
1.177350419330597031e+00,5.299000000000000199e+01
1.168360727405548083e+00,5.311999999999999744e+01
1.164031160354614292e+00,5.336999999999999744e+01
1.158951112842559805e+00,5.329999999999999716e+01
1.151870243549346862e+00,5.302000000000000313e+01
1.143549147605896099e+00,5.278000000000000114e+01
1.138746871185302822e+00,5.361999999999999744e+01
1.134815567302703831e+00,5.306000000000000227e+01
1.124367572784423785e+00,5.293999999999999773e+01
1.123932207679748441e+00,5.318999999999999773e+01
1.119378645992278987e+00,5.350000000000000000e+01
1.117272093105316166e+00,5.304999999999999716e+01
1.103899755096435564e+00,5.307999999999999829e+01
1.101319460678100493e+00,5.342000000000000171e+01
1.100612111568450846e+00,5.299000000000000199e+01
1.091441438484191950e+00,5.300000000000000000e+01
1.088729397010803179e+00,5.371999999999999886e+01
1.083675009632110608e+00,5.359000000000000341e+01
1.074551789283752390e+00,5.327000000000000313e+01
1.069099961948394739e+00,5.395000000000000284e+01
1.065314335823059011e+00,5.364999999999999858e+01
1.065444859409332201e+00,5.340999999999999659e+01
1.051047381114959656e+00,5.342000000000000171e+01
1.047112263584137004e+00,5.304999999999999716e+01
1.045829376697540392e+00,5.357000000000000028e+01
1.034056256484985337e+00,5.413000000000000256e+01
1.032416457462310699e+00,5.293999999999999773e+01
1.031536240100860535e+00,5.321999999999999886e+01
1.024734927558898834e+00,5.406000000000000227e+01
1.018850435066223081e+00,5.389000000000000057e+01
1.016170023632049668e+00,5.339999999999999858e+01
1.003023399162292550e+00,5.407000000000000028e+01
1.012327544498443643e+00,5.346999999999999886e+01
9.926378644943237850e-01,5.339000000000000057e+01
9.810165480613708411e-01,5.364999999999999858e+01
9.881218977928161173e-01,5.367999999999999972e+01
9.804733312606811468e-01,5.417000000000000171e+01
9.776030473709106383e-01,5.368999999999999773e+01
9.718003950119018519e-01,5.410999999999999943e+01
9.637762228965759403e-01,5.377000000000000313e+01
9.560580170631408636e-01,5.385000000000000142e+01
9.510160103797912212e-01,5.378000000000000114e+01
9.615583447456359512e-01,5.392000000000000171e+01
9.453480192184448017e-01,5.382000000000000028e+01
9.414093717575072739e-01,5.375999999999999801e+01
9.361589752197265746e-01,5.350999999999999801e+01
9.270828719139099228e-01,5.336999999999999744e+01
9.226357461929320936e-01,5.410000000000000142e+01
9.201259676933288834e-01,5.414000000000000057e+01
9.156469919204711649e-01,5.378999999999999915e+01
9.083598627090454514e-01,5.353000000000000114e+01
9.062856467247009107e-01,5.367000000000000171e+01
9.004834129810332932e-01,5.360999999999999943e+01
8.963750936508179112e-01,5.409000000000000341e+01
8.910566314697265788e-01,5.381000000000000227e+01
8.836506932258606506e-01,5.356000000000000227e+01
8.830664381027221177e-01,5.327000000000000313e+01
8.728976819515228414e-01,5.389000000000000057e+01
8.645395132064819244e-01,5.400999999999999801e+01
8.645848593711853436e-01,5.382999999999999829e+01
8.639804322242736756e-01,5.378999999999999915e+01
8.555639988899230719e-01,5.395000000000000284e+01
8.529649497985839490e-01,5.377000000000000313e+01
8.482279803752899028e-01,5.388000000000000256e+01
8.422691673755645647e-01,5.397999999999999687e+01
8.382005619049072154e-01,5.425999999999999801e+01
8.287775400161743189e-01,5.403999999999999915e+01
8.287158218383788855e-01,5.390999999999999659e+01
8.205401893138885017e-01,5.353000000000000114e+01
8.134100238800048288e-01,5.447999999999999687e+01
8.168348867893219234e-01,5.425000000000000000e+01
8.064954129695892648e-01,5.399000000000000199e+01
8.036332221508025730e-01,5.360999999999999943e+01
7.996925605297088291e-01,5.450999999999999801e+01
7.909942956447600926e-01,5.381000000000000227e+01
7.863411692619324267e-01,5.449000000000000199e+01
7.897800602436065853e-01,5.428999999999999915e+01
7.842769475936889334e-01,5.399000000000000199e+01
7.787587545871734740e-01,5.431000000000000227e+01
7.744183013916016156e-01,5.378999999999999915e+01
7.736197688102721681e-01,5.422999999999999687e+01
7.623873604297637385e-01,5.410999999999999943e+01
7.578778854846954793e-01,5.393999999999999773e+01
7.598887130260467693e-01,5.399000000000000199e+01
7.514174153327941585e-01,5.417000000000000171e+01
7.537012723922729140e-01,5.397999999999999687e+01
7.419791131019591868e-01,5.399000000000000199e+01
7.457508211612701166e-01,5.356000000000000227e+01
7.343933345317840145e-01,5.411999999999999744e+01
7.316604464530944707e-01,5.434000000000000341e+01
7.323305398941040156e-01,5.377000000000000313e+01
7.236681236743927048e-01,5.395000000000000284e+01
7.197392392635345582e-01,5.364000000000000057e+01
7.182736895561218082e-01,5.372999999999999687e+01
7.192996675491333258e-01,5.407000000000000028e+01
7.093945084571838811e-01,5.367000000000000171e+01
7.058890011787414265e-01,5.413000000000000256e+01
7.039833350658416533e-01,5.392000000000000171e+01
6.998503795623779444e-01,5.415999999999999659e+01
6.920154301166534516e-01,5.410999999999999943e+01
7.002418383121490342e-01,5.402000000000000313e+01
6.862754644870757703e-01,5.427000000000000313e+01
6.834888963699340403e-01,5.432000000000000028e+01
6.795131381988525066e-01,5.411999999999999744e+01
6.783759954452515117e-01,5.396000000000000085e+01
6.750166857242584362e-01,5.363000000000000256e+01
6.681733747005462742e-01,5.389000000000000057e+01
6.696810995101928343e-01,5.407999999999999829e+01
6.711967235565186041e-01,5.403000000000000114e+01
6.628600610256194514e-01,5.418999999999999773e+01
6.623819000720977401e-01,5.386999999999999744e+01
6.532897973060607377e-01,5.407999999999999829e+01
6.565024135589599963e-01,5.382000000000000028e+01
6.577824079513550082e-01,5.421000000000000085e+01
6.461195518970489493e-01,5.406000000000000227e+01
6.467002079010010229e-01,5.411999999999999744e+01
6.453986189365387149e-01,5.428999999999999915e+01
6.375609835147857396e-01,5.417999999999999972e+01
6.375518371582030719e-01,5.392999999999999972e+01
6.387764905929564918e-01,5.436999999999999744e+01
6.326858105659485254e-01,5.395000000000000284e+01
6.283149682044982809e-01,5.400999999999999801e+01
6.277738383769988495e-01,5.375999999999999801e+01
6.200290460109710855e-01,5.397999999999999687e+01
6.218343099117279449e-01,5.404999999999999716e+01
6.208551743984221938e-01,5.386999999999999744e+01
6.125789611339569340e-01,5.400000000000000000e+01
6.145739329814911001e-01,5.381000000000000227e+01
6.157535364151001112e-01,5.390999999999999659e+01
6.089077970981597865e-01,5.379999999999999716e+01
6.031597587585448839e-01,5.410999999999999943e+01
6.110750674247741321e-01,5.385999999999999943e+01
6.042242282390594132e-01,5.357999999999999829e+01
6.037908269882201751e-01,5.372999999999999687e+01
6.034175013065338211e-01,5.360999999999999943e+01
5.984435442924499471e-01,5.388000000000000256e+01
5.954240196228027804e-01,5.378000000000000114e+01
5.941781579017638704e-01,5.370000000000000284e+01
5.970802467823028703e-01,5.410000000000000142e+01
5.907656685829162369e-01,5.400000000000000000e+01
5.895395763874053952e-01,5.378000000000000114e+01
5.858249835491180502e-01,5.371999999999999886e+01
5.862209751129150437e-01,5.388000000000000256e+01
5.874477746963501223e-01,5.395000000000000284e+01
5.843128651618957337e-01,5.385000000000000142e+01
5.827565066814422989e-01,5.357000000000000028e+01
5.833086844921111513e-01,5.399000000000000199e+01
5.817840051174163474e-01,5.381000000000000227e+01
5.785961900711059647e-01,5.402000000000000313e+01
5.795089334964752537e-01,5.375999999999999801e+01
5.796778634548187537e-01,5.357000000000000028e+01
5.750382413864135733e-01,5.378000000000000114e+01
5.743857101440429380e-01,5.390999999999999659e+01
5.761390019893646297e-01,5.407000000000000028e+01
5.727627695083618020e-01,5.386999999999999744e+01
5.758461461067200249e-01,5.396000000000000085e+01
5.695722887992858974e-01,5.388000000000000256e+01
5.728950531482696062e-01,5.381000000000000227e+01
5.759543588161468719e-01,5.396999999999999886e+01
5.700424787044524599e-01,5.410999999999999943e+01
5.705353694438933809e-01,5.385999999999999943e+01
5.734799561023712355e-01,5.388000000000000256e+01
5.662620657444000782e-01,5.392999999999999972e+01
5.672466024398803430e-01,5.395000000000000284e+01
5.677591974735259894e-01,5.386999999999999744e+01
5.650284766197204434e-01,5.406000000000000227e+01
5.681420373916625799e-01,5.392999999999999972e+01
5.653077679634094244e-01,5.390999999999999659e+01
5.680276548385619906e-01,5.392999999999999972e+01
5.693872920513153302e-01,5.400000000000000000e+01
5.704678146362304192e-01,5.400999999999999801e+01
5.641984169483185152e-01,5.400000000000000000e+01
5.630450956344604796e-01,5.400000000000000000e+01
5.647865287303924786e-01,5.399000000000000199e+01
5.679241330146789224e-01,5.399000000000000199e+01
