Loss,Accuracy
4.298422067260742274e+00,5.950000000000000178e+00
4.030958987426758178e+00,8.800000000000000711e+00
3.892976762771606314e+00,9.439999999999999503e+00
3.790808345031738469e+00,1.233999999999999986e+01
3.716692009735107494e+00,1.278999999999999915e+01
3.657214208221435392e+00,1.385999999999999943e+01
3.604096840667724511e+00,1.440000000000000036e+01
3.554311989593506027e+00,1.610999999999999943e+01
3.512567760467529165e+00,1.703999999999999915e+01
3.479609892272949256e+00,1.680999999999999872e+01
3.436756057739257741e+00,1.792999999999999972e+01
3.403678630447387832e+00,1.910000000000000142e+01
3.369290925598144693e+00,2.046000000000000085e+01
3.346143223571777181e+00,1.994000000000000128e+01
3.318620888519287160e+00,2.000000000000000000e+01
3.291028075408935383e+00,2.164999999999999858e+01
3.269207007980346802e+00,2.107000000000000028e+01
3.246852848434448102e+00,2.248000000000000043e+01
3.226819664764404294e+00,2.296000000000000085e+01
3.202688822555542103e+00,2.223999999999999844e+01
3.184140831375122271e+00,2.348000000000000043e+01
3.162147745895385942e+00,2.301999999999999957e+01
3.143446651077270726e+00,2.430999999999999872e+01
3.128559560394287065e+00,2.476000000000000156e+01
3.104976369476318165e+00,2.501000000000000156e+01
3.094595010757446474e+00,2.483999999999999986e+01
3.069040183258056498e+00,2.433999999999999986e+01
3.060477036285400576e+00,2.630999999999999872e+01
3.045490342330932521e+00,2.632000000000000028e+01
3.029581720352172880e+00,2.601000000000000156e+01
3.009768751907348605e+00,2.644999999999999929e+01
2.988086041641235369e+00,2.712000000000000099e+01
2.966454023361206005e+00,2.746999999999999886e+01
2.940070808410644609e+00,2.775000000000000000e+01
2.931649991226196406e+00,2.803999999999999915e+01
2.915475230407714946e+00,2.832000000000000028e+01
2.895008173370361426e+00,2.812999999999999901e+01
2.890935527420043893e+00,2.889999999999999858e+01
2.866853689956665008e+00,2.803000000000000114e+01
2.868408027648925884e+00,2.903000000000000114e+01
2.852320033645630026e+00,2.850000000000000000e+01
2.846575358200073236e+00,2.923000000000000043e+01
2.836934249877929748e+00,2.942999999999999972e+01
2.822106523132324352e+00,2.923999999999999844e+01
2.815429759979247937e+00,2.957000000000000028e+01
2.807224783706665061e+00,3.046999999999999886e+01
2.795265978622436531e+00,3.037000000000000099e+01
2.789924639129638617e+00,2.978000000000000114e+01
2.772126262664794893e+00,3.023000000000000043e+01
2.769694631195068535e+00,3.053000000000000114e+01
2.764116281127929842e+00,3.130999999999999872e+01
2.756738623809814381e+00,3.096999999999999886e+01
2.743347489166259923e+00,3.067000000000000171e+01
2.737210633468627918e+00,3.039999999999999858e+01
2.725147511291504010e+00,3.180000000000000071e+01
2.721239471817016753e+00,3.108999999999999986e+01
2.703825821304321142e+00,3.218999999999999773e+01
2.700030073165893718e+00,3.187999999999999901e+01
2.685421524429321138e+00,3.185999999999999943e+01
2.677891177749633922e+00,3.180999999999999872e+01
2.676679579162597467e+00,3.293999999999999773e+01
2.661666971206665178e+00,3.214000000000000057e+01
2.658861563873291090e+00,3.286999999999999744e+01
2.641850803184509378e+00,3.302000000000000313e+01
2.635963098144531447e+00,3.378999999999999915e+01
2.631513496398925955e+00,3.375999999999999801e+01
2.618569565010070654e+00,3.396000000000000085e+01
2.619207458496093821e+00,3.390999999999999659e+01
2.609019703674316570e+00,3.363000000000000256e+01
2.604276680374145503e+00,3.414000000000000057e+01
2.598228872680663937e+00,3.477000000000000313e+01
2.589919718933105575e+00,3.472999999999999687e+01
2.579301406478881731e+00,3.428000000000000114e+01
2.575635667037963650e+00,3.442000000000000171e+01
2.566552952575683388e+00,3.481000000000000227e+01
2.561170724487304540e+00,3.471999999999999886e+01
2.558026261901855669e+00,3.453999999999999915e+01
2.556854002952575478e+00,3.479999999999999716e+01
2.551746429634094149e+00,3.564000000000000057e+01
2.546218376541137474e+00,3.500999999999999801e+01
2.534613392829895062e+00,3.540999999999999659e+01
2.535447267532348725e+00,3.575000000000000000e+01
2.527654786300659318e+00,3.553000000000000114e+01
2.520539754104614172e+00,3.529999999999999716e+01
2.519340063095092841e+00,3.657999999999999829e+01
2.510778402709961110e+00,3.592999999999999972e+01
2.508351354980468795e+00,3.574000000000000199e+01
2.503975901412963889e+00,3.571999999999999886e+01
2.501660663986206234e+00,3.645000000000000284e+01
2.490383575439452990e+00,3.589999999999999858e+01
2.493807143402099413e+00,3.684000000000000341e+01
2.484440850639343168e+00,3.646999999999999886e+01
2.484701725769042913e+00,3.650000000000000000e+01
2.479301777458191136e+00,3.631000000000000227e+01
2.472271682739257681e+00,3.639000000000000057e+01
2.464461907386779949e+00,3.597999999999999687e+01
2.466460441589355401e+00,3.746999999999999886e+01
2.450802153205871470e+00,3.671000000000000085e+01
2.453774795722961422e+00,3.671999999999999886e+01
2.452614105606079065e+00,3.738000000000000256e+01
2.442789324188232580e+00,3.785000000000000142e+01
2.449444475364685125e+00,3.622999999999999687e+01
2.440623240280151318e+00,3.735999999999999943e+01
2.435736701774597002e+00,3.742999999999999972e+01
2.439939599037170392e+00,3.759000000000000341e+01
2.428510376548767002e+00,3.795000000000000284e+01
2.431078601074218692e+00,3.710000000000000142e+01
2.421824320793152019e+00,3.729999999999999716e+01
2.418723446083068662e+00,3.785000000000000142e+01
2.414526728248596044e+00,3.709000000000000341e+01
2.415839556121825993e+00,3.793999999999999773e+01
2.406509498786926216e+00,3.664000000000000057e+01
2.400204597854614263e+00,3.756000000000000227e+01
2.398575304412841724e+00,3.818999999999999773e+01
2.390881413650512766e+00,3.850999999999999801e+01
2.383488785934448462e+00,3.807000000000000028e+01
2.383005466270446959e+00,3.734000000000000341e+01
2.383199936294555510e+00,3.778999999999999915e+01
2.371853940010070882e+00,3.857000000000000028e+01
2.368622703742981006e+00,3.857000000000000028e+01
2.363586003684997383e+00,3.853999999999999915e+01
2.355647058868408195e+00,3.864000000000000057e+01
2.351294523048400809e+00,3.889000000000000057e+01
2.346601464080810384e+00,3.889999999999999858e+01
2.343287893104553099e+00,3.803000000000000114e+01
2.338174376296997092e+00,3.914000000000000057e+01
2.329931702613830424e+00,3.914000000000000057e+01
2.329199665069579872e+00,3.938000000000000256e+01
2.321029655265808067e+00,3.886999999999999744e+01
2.324018032264709266e+00,3.914999999999999858e+01
2.316343798255920294e+00,3.929999999999999716e+01
2.315246756744384626e+00,3.981000000000000227e+01
2.304867622947692762e+00,3.903999999999999915e+01
2.299897592163085758e+00,3.967999999999999972e+01
2.306687458229065069e+00,4.003999999999999915e+01
2.303239092063903648e+00,3.927000000000000313e+01
2.295044660758972288e+00,3.977000000000000313e+01
2.292117992019653272e+00,4.003999999999999915e+01
2.290414858245849672e+00,3.910999999999999943e+01
2.285654266929626477e+00,3.974000000000000199e+01
2.281906172561645629e+00,3.956000000000000227e+01
2.282881625938415482e+00,3.967999999999999972e+01
2.279556566619873159e+00,4.021000000000000085e+01
2.271681979751587033e+00,4.042999999999999972e+01
2.273017122077941821e+00,4.042999999999999972e+01
2.264088000488281072e+00,3.996000000000000085e+01
2.261572097015380756e+00,4.014999999999999858e+01
2.251399577331543167e+00,3.986999999999999744e+01
2.249845643043518084e+00,4.095000000000000284e+01
2.243519309806823792e+00,3.963000000000000256e+01
2.237412236404419108e+00,4.049000000000000199e+01
2.241596428298950006e+00,4.103000000000000114e+01
2.231902330780029420e+00,4.064000000000000057e+01
2.234795389366150076e+00,4.103000000000000114e+01
2.224469569778442235e+00,4.096999999999999886e+01
2.228532278060912919e+00,4.100999999999999801e+01
2.226463974571228022e+00,4.103000000000000114e+01
2.216473232650757019e+00,4.102000000000000313e+01
2.210611270141601636e+00,4.106000000000000227e+01
2.211746213340759493e+00,4.110000000000000142e+01
2.206290001106262277e+00,4.131000000000000227e+01
2.202304473495483528e+00,4.109000000000000341e+01
2.201912683105468727e+00,4.150000000000000000e+01
2.197590528678893929e+00,4.085000000000000142e+01
2.199273557281494096e+00,4.134000000000000341e+01
2.196265103340148794e+00,4.132999999999999829e+01
2.192910132217407160e+00,4.128999999999999915e+01
2.186085647392272957e+00,4.171999999999999886e+01
2.190264441871643264e+00,4.145000000000000284e+01
2.184692245674133115e+00,4.145000000000000284e+01
2.174410869979858330e+00,4.117000000000000171e+01
2.180368209266662749e+00,4.179999999999999716e+01
2.174811005973815714e+00,4.128000000000000114e+01
2.175369812965393113e+00,4.154999999999999716e+01
2.171389677429199416e+00,4.149000000000000199e+01
2.170104036140442005e+00,4.185000000000000142e+01
2.161482098388671780e+00,4.175999999999999801e+01
2.159829072570800701e+00,4.209000000000000341e+01
2.157435407447815034e+00,4.221000000000000085e+01
2.165464391136169287e+00,4.250999999999999801e+01
2.158528027153014950e+00,4.207999999999999829e+01
2.154074593544006433e+00,4.207000000000000028e+01
2.153965228271484289e+00,4.256000000000000227e+01
2.153959319877624345e+00,4.207999999999999829e+01
2.147769534873962272e+00,4.220000000000000284e+01
2.143647494316101021e+00,4.232999999999999829e+01
2.145295952606200984e+00,4.254999999999999716e+01
2.144828051948547198e+00,4.228000000000000114e+01
2.140625146484374852e+00,4.267000000000000171e+01
2.140741964530944674e+00,4.264000000000000057e+01
2.139595856094360204e+00,4.224000000000000199e+01
2.132520805740356629e+00,4.214999999999999858e+01
2.130056282424926728e+00,4.228999999999999915e+01
2.125881689071655423e+00,4.263000000000000256e+01
2.123841390609741087e+00,4.252000000000000313e+01
2.127502331733703400e+00,4.260000000000000142e+01
2.122317301559448310e+00,4.261999999999999744e+01
2.119607952690124364e+00,4.275000000000000000e+01
2.112408959007263221e+00,4.250999999999999801e+01
2.113333839988708718e+00,4.285999999999999943e+01
2.109611961936950664e+00,4.290999999999999659e+01
2.104932776069641243e+00,4.286999999999999744e+01
2.105049037361145015e+00,4.299000000000000199e+01
2.111060912895202701e+00,4.307000000000000028e+01
2.111875514221191352e+00,4.303999999999999915e+01
2.107690589332580355e+00,4.285000000000000142e+01
2.096497969055175936e+00,4.285999999999999943e+01
2.102387059020995874e+00,4.307999999999999829e+01
2.101841376686096385e+00,4.285999999999999943e+01
2.095858762168884226e+00,4.307999999999999829e+01
2.096435698699951278e+00,4.314000000000000057e+01
2.095634193420410352e+00,4.307999999999999829e+01
2.090057114601135080e+00,4.279999999999999716e+01
2.091922635841369615e+00,4.310999999999999943e+01
2.087162406921386548e+00,4.303999999999999915e+01
2.085912367439270110e+00,4.324000000000000199e+01
2.083802272796630994e+00,4.318999999999999773e+01
2.084903699684143241e+00,4.342000000000000171e+01
2.079673638153076265e+00,4.334000000000000341e+01
2.080605120849609246e+00,4.340999999999999659e+01
2.080395086860656662e+00,4.334000000000000341e+01
2.076581929016113381e+00,4.347999999999999687e+01
2.074087630653381531e+00,4.321999999999999886e+01
2.073745061874389783e+00,4.324000000000000199e+01
2.067033493614196971e+00,4.336999999999999744e+01
2.067397495651245087e+00,4.335000000000000142e+01
2.069654613113403485e+00,4.317999999999999972e+01
2.068733501625060978e+00,4.339000000000000057e+01
2.068752121543884215e+00,4.347999999999999687e+01
2.067955590629577678e+00,4.317000000000000171e+01
2.060674800682067875e+00,4.359000000000000341e+01
2.063417675781249905e+00,4.371000000000000085e+01
2.065647834014892492e+00,4.350000000000000000e+01
2.062820210075378302e+00,4.396000000000000085e+01
2.055295812225341745e+00,4.357999999999999829e+01
2.052641304969787583e+00,4.360999999999999943e+01
2.059922019767761014e+00,4.396000000000000085e+01
2.053309791374206661e+00,4.332999999999999829e+01
2.048267408943176271e+00,4.343999999999999773e+01
2.053958399963379033e+00,4.365999999999999659e+01
2.050800986862182818e+00,4.356000000000000227e+01
2.050226912307739457e+00,4.368999999999999773e+01
2.044495636940002470e+00,4.389000000000000057e+01
2.050562228202819970e+00,4.392000000000000171e+01
2.048255338287353400e+00,4.385000000000000142e+01
2.044446558380126788e+00,4.352000000000000313e+01
2.044240536880493231e+00,4.378000000000000114e+01
2.043455230712890813e+00,4.389000000000000057e+01
2.041650793266296393e+00,4.377000000000000313e+01
2.039536543273925862e+00,4.378999999999999915e+01
2.033910023498535224e+00,4.400999999999999801e+01
2.038412045860290345e+00,4.395000000000000284e+01
2.033236932563781796e+00,4.375000000000000000e+01
2.035521153259277405e+00,4.382000000000000028e+01
2.035477877616882481e+00,4.393999999999999773e+01
2.030410370063781667e+00,4.390999999999999659e+01
2.034153433418274037e+00,4.385000000000000142e+01
2.028755456924438594e+00,4.378999999999999915e+01
2.029455476760864130e+00,4.370000000000000284e+01
2.030444696426391804e+00,4.407999999999999829e+01
2.027756870651244991e+00,4.396999999999999886e+01
2.024623159027099550e+00,4.385999999999999943e+01
2.024951896286010911e+00,4.397999999999999687e+01
2.030587445640564148e+00,4.410999999999999943e+01
2.024461947631835734e+00,4.371999999999999886e+01
2.027533897209167435e+00,4.403999999999999915e+01
2.026022055435180658e+00,4.378000000000000114e+01
2.025960703849792655e+00,4.409000000000000341e+01
2.024492783737182666e+00,4.396000000000000085e+01
2.025291687393188322e+00,4.407999999999999829e+01
2.020528476524352968e+00,4.407999999999999829e+01
2.024701098823547429e+00,4.395000000000000284e+01
2.023048673057556091e+00,4.400000000000000000e+01
2.020639091300964196e+00,4.417999999999999972e+01
2.016281104850769168e+00,4.396999999999999886e+01
2.019809899902343719e+00,4.404999999999999716e+01
2.016893828010559275e+00,4.407999999999999829e+01
2.013801558494567878e+00,4.403000000000000114e+01
2.018368930435180619e+00,4.410999999999999943e+01
2.016200221061706710e+00,4.415999999999999659e+01
2.014474633979797424e+00,4.418999999999999773e+01
2.015666837501525865e+00,4.414000000000000057e+01
2.020241697502136446e+00,4.421000000000000085e+01
2.017543197250366127e+00,4.400000000000000000e+01
2.013336807441711507e+00,4.409000000000000341e+01
2.011979768180847117e+00,4.403999999999999915e+01
2.016587092208862231e+00,4.395000000000000284e+01
2.009299015808105437e+00,4.395000000000000284e+01
2.014762248039245751e+00,4.399000000000000199e+01
2.010934442138671674e+00,4.395000000000000284e+01
2.009686162948608246e+00,4.399000000000000199e+01
2.017628721809387127e+00,4.396000000000000085e+01
2.015310095405578483e+00,4.397999999999999687e+01
2.013950415229797564e+00,4.392999999999999972e+01
2.014265693664550660e+00,4.396000000000000085e+01
2.014082441329955842e+00,4.400999999999999801e+01
2.018187538146972493e+00,4.396999999999999886e+01
2.011996546363830518e+00,4.396999999999999886e+01
2.015030804252624375e+00,4.397999999999999687e+01
2.013935963249206651e+00,4.397999999999999687e+01
