Loss,Accuracy
5.216112114715576453e+00,1.078999999999999915e+01
4.472241512680053432e+00,1.489000000000000057e+01
4.209386531829833800e+00,1.892999999999999972e+01
4.028370541000366067e+00,2.064000000000000057e+01
3.890036506271362438e+00,2.207999999999999829e+01
3.778426832962036297e+00,2.357999999999999829e+01
3.672752617645263840e+00,2.457999999999999829e+01
3.591904891967773406e+00,2.687000000000000099e+01
3.505375949478149344e+00,2.658999999999999986e+01
3.436937854766845657e+00,2.969000000000000128e+01
3.359772676086425935e+00,3.017000000000000171e+01
3.298885133743286069e+00,2.973000000000000043e+01
3.253306090545654339e+00,3.175000000000000000e+01
3.201451150131225720e+00,3.194000000000000128e+01
3.141104782867431666e+00,3.224000000000000199e+01
3.082080521392822181e+00,3.231000000000000227e+01
3.030953757095336876e+00,3.350000000000000000e+01
2.975691543960571117e+00,3.460000000000000142e+01
2.909360660171508961e+00,3.597999999999999687e+01
2.846639077377319360e+00,3.685000000000000142e+01
2.791232504653930580e+00,3.731000000000000227e+01
2.730505145645141685e+00,3.810000000000000142e+01
2.683374289321899475e+00,3.885999999999999943e+01
2.643895778274536035e+00,3.910999999999999943e+01
2.602542209625243963e+00,3.993999999999999773e+01
2.573426562118530381e+00,4.022999999999999687e+01
2.529183742141723812e+00,4.102000000000000313e+01
2.497199619102477897e+00,4.103000000000000114e+01
2.479671029853820929e+00,4.060000000000000142e+01
2.445952249145507906e+00,4.175999999999999801e+01
2.415486396598816032e+00,4.202000000000000313e+01
2.393262622261047579e+00,4.267999999999999972e+01
2.372040275573730650e+00,4.303999999999999915e+01
2.345143419456481748e+00,4.357000000000000028e+01
2.322674104309081944e+00,4.334000000000000341e+01
2.308287553977966144e+00,4.336999999999999744e+01
2.288582893371581939e+00,4.375000000000000000e+01
2.273087356567383033e+00,4.403999999999999915e+01
2.253771468925476196e+00,4.407999999999999829e+01
2.238771539688110490e+00,4.460999999999999943e+01
2.222267710113525307e+00,4.450000000000000000e+01
2.201399479293823180e+00,4.456000000000000227e+01
2.197376190185547085e+00,4.514000000000000057e+01
2.177563212013244431e+00,4.479999999999999716e+01
2.169104418373108079e+00,4.531000000000000227e+01
2.144766293525695922e+00,4.542000000000000171e+01
2.144538383483886701e+00,4.550000000000000000e+01
2.122523189353942907e+00,4.559000000000000341e+01
2.110799118614196779e+00,4.650000000000000000e+01
2.089500778198241981e+00,4.607999999999999829e+01
2.083176852226257481e+00,4.650999999999999801e+01
2.067194817543029917e+00,4.550000000000000000e+01
2.054034555625915637e+00,4.678999999999999915e+01
2.045944092369079481e+00,4.617999999999999972e+01
2.034588496398925805e+00,4.671000000000000085e+01
2.023005500793456868e+00,4.675000000000000000e+01
2.012494740486145073e+00,4.650000000000000000e+01
2.000515468215942505e+00,4.724000000000000199e+01
1.995172417259216235e+00,4.688000000000000256e+01
1.985287422370910715e+00,4.674000000000000199e+01
1.975703995895385701e+00,4.732999999999999829e+01
1.965176417922973595e+00,4.724000000000000199e+01
1.956790367317199797e+00,4.771999999999999886e+01
1.942550570487975969e+00,4.802000000000000313e+01
1.936334259605407615e+00,4.828000000000000114e+01
1.930636090660095228e+00,4.872999999999999687e+01
1.916906243515014596e+00,4.775000000000000000e+01
1.908350091361999512e+00,4.875000000000000000e+01
1.902740440368652308e+00,4.809000000000000341e+01
1.900169755172729458e+00,4.864999999999999858e+01
1.891841428947448778e+00,4.857999999999999829e+01
1.873123335266113187e+00,4.900999999999999801e+01
1.873465984725952049e+00,4.872999999999999687e+01
1.865850753974914511e+00,4.857000000000000028e+01
1.853618071174621518e+00,4.824000000000000199e+01
1.851383167839050214e+00,4.892999999999999972e+01
1.852658551788330055e+00,4.932999999999999829e+01
1.843161443710327196e+00,4.897999999999999687e+01
1.832608894348144446e+00,4.943999999999999773e+01
1.831612846755981350e+00,4.825000000000000000e+01
1.820109083747863732e+00,4.881000000000000227e+01
1.816401158332824783e+00,4.864999999999999858e+01
1.807065275001525917e+00,4.940999999999999659e+01
1.800810103416442765e+00,4.896999999999999886e+01
1.794175067710876537e+00,4.963000000000000256e+01
1.794928995704650809e+00,4.945000000000000284e+01
1.786710732078552244e+00,4.970000000000000284e+01
1.776643967056274365e+00,4.889000000000000057e+01
1.770052713203430272e+00,4.904999999999999716e+01
1.766313408088683978e+00,4.995000000000000284e+01
1.763739556121826091e+00,4.982999999999999829e+01
1.752093139457702620e+00,4.992000000000000171e+01
1.751223959350585835e+00,5.052000000000000313e+01
1.736819210815429670e+00,4.974000000000000199e+01
1.732858189582824782e+00,5.053999999999999915e+01
1.730723803138732864e+00,5.006000000000000227e+01
1.719710748100280684e+00,5.085999999999999943e+01
1.716315357208251902e+00,4.993999999999999773e+01
1.714815478706359864e+00,5.103000000000000114e+01
1.706415538787841690e+00,5.018999999999999773e+01
1.696274214744567965e+00,5.106000000000000227e+01
1.695791356658935545e+00,5.060999999999999943e+01
1.695167750167846599e+00,5.046000000000000085e+01
1.684847108078002975e+00,5.053000000000000114e+01
1.685325073814392116e+00,5.117999999999999972e+01
1.675822458648681623e+00,5.072999999999999687e+01
1.668817874145507751e+00,5.020000000000000284e+01
1.671420599555969222e+00,5.068999999999999773e+01
1.662313841438293416e+00,5.065999999999999659e+01
1.664924103927612364e+00,5.060999999999999943e+01
1.655412589263915990e+00,5.053999999999999915e+01
1.648752809333801306e+00,5.100000000000000000e+01
1.649515662193298260e+00,5.038000000000000256e+01
1.650285950851440475e+00,5.118999999999999773e+01
1.627421135330200164e+00,5.061999999999999744e+01
1.638249807167053262e+00,5.132999999999999829e+01
1.628916726684570326e+00,5.086999999999999744e+01
1.620959860992431611e+00,5.067999999999999972e+01
1.624647282218933064e+00,5.102000000000000313e+01
1.620268647956848218e+00,5.060000000000000142e+01
1.615361298751831098e+00,5.177000000000000313e+01
1.602317055892944264e+00,5.175000000000000000e+01
1.603240379905700674e+00,5.034000000000000341e+01
1.591629722595214735e+00,5.042000000000000171e+01
1.596427764511108460e+00,5.142000000000000171e+01
1.592491848754882922e+00,5.160999999999999943e+01
1.589021828079223653e+00,5.143999999999999773e+01
1.580305704307556125e+00,5.103000000000000114e+01
1.578217467117309480e+00,5.084000000000000341e+01
1.572843120384216364e+00,5.175999999999999801e+01
1.566642421913146954e+00,5.188000000000000256e+01
1.567443629074096734e+00,5.225999999999999801e+01
1.566168867874145443e+00,5.179999999999999716e+01
1.555985019302368100e+00,5.136999999999999744e+01
1.555409633636474664e+00,5.125000000000000000e+01
1.548001543807983493e+00,5.117000000000000171e+01
1.546517521095275960e+00,5.174000000000000199e+01
1.539080885696411105e+00,5.145000000000000284e+01
1.533883317565917892e+00,5.197999999999999687e+01
1.536322024726867630e+00,5.172999999999999687e+01
1.529229616355896049e+00,5.149000000000000199e+01
1.524989905738830531e+00,5.163000000000000256e+01
1.518925285339355558e+00,5.128000000000000114e+01
1.518052956199646086e+00,5.182999999999999829e+01
1.511482195663452099e+00,5.192999999999999972e+01
1.508081366157531633e+00,5.232000000000000028e+01
1.504611263656616238e+00,5.215999999999999659e+01
1.499169981384277373e+00,5.156000000000000227e+01
1.495623608589172315e+00,5.182999999999999829e+01
1.492091773414611744e+00,5.232000000000000028e+01
1.489915815925598075e+00,5.200000000000000000e+01
1.480467743873596254e+00,5.145000000000000284e+01
1.479443352699279846e+00,5.177000000000000313e+01
1.471920178794860812e+00,5.202000000000000313e+01
1.469380691337585532e+00,5.218999999999999773e+01
1.459884777832031189e+00,5.220000000000000284e+01
1.457693193244934182e+00,5.235000000000000142e+01
1.456711553382873614e+00,5.210999999999999943e+01
1.452986290359497001e+00,5.218999999999999773e+01
1.438375119972228999e+00,5.209000000000000341e+01
1.444488577461242595e+00,5.229999999999999716e+01
1.427932298660278265e+00,5.268999999999999773e+01
1.433766387557983357e+00,5.267000000000000171e+01
1.425091105651855372e+00,5.271999999999999886e+01
1.423960704612731831e+00,5.275999999999999801e+01
1.424320658111572158e+00,5.246999999999999886e+01
1.417589348030090290e+00,5.178999999999999915e+01
1.411586579895019566e+00,5.231000000000000227e+01
1.403547647857666059e+00,5.252000000000000313e+01
1.406673833847045918e+00,5.232000000000000028e+01
1.402104619026184107e+00,5.215999999999999659e+01
1.389975561714172470e+00,5.228000000000000114e+01
1.392169511985778874e+00,5.242000000000000171e+01
1.391187660217285238e+00,5.339999999999999858e+01
1.380978761672973620e+00,5.290999999999999659e+01
1.377490724277496303e+00,5.306000000000000227e+01
1.375837556552886864e+00,5.282000000000000028e+01
1.371820354080200088e+00,5.303999999999999915e+01
1.368972176551818798e+00,5.250999999999999801e+01
1.370218889331817680e+00,5.295000000000000284e+01
1.358102202987670815e+00,5.235000000000000142e+01
1.363376492214202873e+00,5.238000000000000256e+01
1.350490344810485910e+00,5.281000000000000227e+01
1.347433211803436226e+00,5.239999999999999858e+01
1.347841073036193826e+00,5.296999999999999886e+01
1.343726963710784927e+00,5.293999999999999773e+01
1.343045390224456792e+00,5.277000000000000313e+01
1.337726389694213758e+00,5.267999999999999972e+01
1.332531636428833099e+00,5.285000000000000142e+01
1.332595843219757104e+00,5.313000000000000256e+01
1.323930241298675536e+00,5.302000000000000313e+01
1.321493915081024095e+00,5.309000000000000341e+01
1.322551245403289721e+00,5.268999999999999773e+01
1.315142958450317368e+00,5.299000000000000199e+01
1.310228389549255468e+00,5.284000000000000341e+01
1.309105226325988802e+00,5.281000000000000227e+01
1.304323050975799481e+00,5.335999999999999943e+01
1.298995887184143161e+00,5.313000000000000256e+01
1.298092230129241909e+00,5.321000000000000085e+01
1.294599277591705233e+00,5.317000000000000171e+01
1.294142553234100435e+00,5.353000000000000114e+01
1.284929800796508870e+00,5.321000000000000085e+01
1.283866589069366348e+00,5.289999999999999858e+01
1.279341390514373789e+00,5.320000000000000284e+01
1.281033370590209941e+00,5.321999999999999886e+01
1.275006290340423565e+00,5.359000000000000341e+01
1.276275843048095604e+00,5.370000000000000284e+01
1.268881588745117250e+00,5.353000000000000114e+01
1.268283279228210381e+00,5.347999999999999687e+01
1.260151742935180730e+00,5.307999999999999829e+01
1.262467475891113189e+00,5.357999999999999829e+01
1.257364390277862620e+00,5.328999999999999915e+01
1.254037664604187086e+00,5.314000000000000057e+01
1.252952315044403075e+00,5.321999999999999886e+01
1.245155981159210112e+00,5.306000000000000227e+01
1.240774770164489782e+00,5.328999999999999915e+01
1.240371762180328297e+00,5.296999999999999886e+01
1.240200004386901922e+00,5.332000000000000028e+01
1.231777932262420716e+00,5.353999999999999915e+01
1.234572484207153265e+00,5.265999999999999659e+01
1.230457323455810492e+00,5.318999999999999773e+01
1.224021420383453407e+00,5.357000000000000028e+01
1.223356521415710496e+00,5.310999999999999943e+01
1.217000216197967610e+00,5.332999999999999829e+01
1.217558556747436516e+00,5.322999999999999687e+01
1.214359469890594401e+00,5.375999999999999801e+01
1.217395725440979071e+00,5.306000000000000227e+01
1.209112113285064627e+00,5.352000000000000313e+01
1.206314355850219622e+00,5.327000000000000313e+01
1.206327593517303454e+00,5.332999999999999829e+01
1.200472472476959318e+00,5.310999999999999943e+01
1.198211051464080912e+00,5.353000000000000114e+01
1.198415813541412245e+00,5.377000000000000313e+01
1.194915376567840637e+00,5.356000000000000227e+01
1.193856254577636777e+00,5.354999999999999716e+01
1.185684671688079783e+00,5.347999999999999687e+01
1.188118101787567049e+00,5.353999999999999915e+01
1.186526985168457005e+00,5.375000000000000000e+01
1.182687538146972583e+00,5.325000000000000000e+01
1.174946774005889871e+00,5.381000000000000227e+01
1.180809254074096648e+00,5.350000000000000000e+01
1.176096170806884667e+00,5.372999999999999687e+01
1.170635788345336881e+00,5.346999999999999886e+01
1.170549966526031493e+00,5.371999999999999886e+01
1.160989505004882849e+00,5.379999999999999716e+01
1.165592824554443352e+00,5.335999999999999943e+01
1.161816487598419156e+00,5.356000000000000227e+01
1.160613301181793178e+00,5.350999999999999801e+01
1.155969690418243490e+00,5.332999999999999829e+01
1.154303696823120173e+00,5.359000000000000341e+01
1.157026509189605701e+00,5.378999999999999915e+01
1.149498367500305207e+00,5.350999999999999801e+01
1.150496886444091871e+00,5.384000000000000341e+01
1.150440342998504617e+00,5.349000000000000199e+01
1.145765166759491027e+00,5.372999999999999687e+01
1.141836824989318933e+00,5.336999999999999744e+01
1.140974703788757427e+00,5.331000000000000227e+01
1.138943390750885021e+00,5.371999999999999886e+01
1.137900796127319314e+00,5.386999999999999744e+01
1.141093387413024907e+00,5.334000000000000341e+01
1.134171969604492292e+00,5.364000000000000057e+01
1.135702426052093594e+00,5.367000000000000171e+01
1.134246449089050257e+00,5.352000000000000313e+01
1.133188027191162073e+00,5.378999999999999915e+01
1.133386574268341107e+00,5.364000000000000057e+01
1.129021660041809039e+00,5.349000000000000199e+01
1.129454744529724053e+00,5.364000000000000057e+01
1.126920711421966592e+00,5.386999999999999744e+01
1.124503384113311855e+00,5.367999999999999972e+01
1.125624471378326330e+00,5.367000000000000171e+01
1.120135847282409669e+00,5.392000000000000171e+01
1.123760793590545592e+00,5.353000000000000114e+01
1.117333750152587957e+00,5.364000000000000057e+01
1.117497193527221766e+00,5.357999999999999829e+01
1.115853531074523897e+00,5.352000000000000313e+01
1.115362607097625691e+00,5.356000000000000227e+01
1.114144882011413484e+00,5.363000000000000256e+01
1.113308935832977298e+00,5.345000000000000284e+01
1.114255331516265768e+00,5.360000000000000142e+01
1.111668228340148890e+00,5.343999999999999773e+01
1.105238992500305217e+00,5.371999999999999886e+01
1.110310873985290492e+00,5.360999999999999943e+01
1.107238028621673642e+00,5.381000000000000227e+01
1.108803008842468296e+00,5.368999999999999773e+01
1.109266596698760932e+00,5.370000000000000284e+01
1.110512351512908946e+00,5.360999999999999943e+01
1.102778194713592619e+00,5.375000000000000000e+01
1.107336533260345535e+00,5.364000000000000057e+01
1.106185475444793731e+00,5.352000000000000313e+01
1.104464191341400170e+00,5.360000000000000142e+01
1.105721227264404360e+00,5.363000000000000256e+01
1.102951529979705914e+00,5.371000000000000085e+01
1.104189705467224059e+00,5.364999999999999858e+01
1.103959050273895182e+00,5.360999999999999943e+01
1.100614044380187950e+00,5.365999999999999659e+01
1.103532563591003379e+00,5.367000000000000171e+01
1.103206128501892147e+00,5.364999999999999858e+01
1.098182002544403124e+00,5.368999999999999773e+01
1.102696220493316615e+00,5.370000000000000284e+01
1.104215757656097363e+00,5.370000000000000284e+01
