Loss,Accuracy
4.315540298461914226e+00,4.549999999999999822e+00
4.039286737442016495e+00,1.074000000000000021e+01
3.761880358123779189e+00,1.402999999999999936e+01
3.581608024978637506e+00,1.586999999999999922e+01
3.465196903610229473e+00,1.887999999999999901e+01
3.370456652069091952e+00,1.971000000000000085e+01
3.307655728530883632e+00,2.101999999999999957e+01
3.243707427597045889e+00,2.312999999999999901e+01
3.194620042419433759e+00,2.364999999999999858e+01
3.143119921112060400e+00,2.407999999999999829e+01
3.106889229583740253e+00,2.437999999999999901e+01
3.062715690612793029e+00,2.562000000000000099e+01
3.019119528961181853e+00,2.587999999999999901e+01
2.983759455490112344e+00,2.642999999999999972e+01
2.946102508926391472e+00,2.855999999999999872e+01
2.917029897689819240e+00,2.817000000000000171e+01
2.884913730239868190e+00,2.878999999999999915e+01
2.852443885803222834e+00,2.967000000000000171e+01
2.823076446914672744e+00,3.021000000000000085e+01
2.799551070022582966e+00,2.978000000000000114e+01
2.777886219787597533e+00,3.039999999999999858e+01
2.749237015914916871e+00,3.098999999999999844e+01
2.726697356796264682e+00,3.141000000000000014e+01
2.704895073318481558e+00,3.139000000000000057e+01
2.684956706237792812e+00,3.207000000000000028e+01
2.655912215232849150e+00,3.240999999999999659e+01
2.632136103439330910e+00,3.267999999999999972e+01
2.604804392623901510e+00,3.370000000000000284e+01
2.576733794021606627e+00,3.464999999999999858e+01
2.564747967910766757e+00,3.403999999999999915e+01
2.535262586593627798e+00,3.507999999999999829e+01
2.505646806716919084e+00,3.632000000000000028e+01
2.486662012290954404e+00,3.652000000000000313e+01
2.444435921859741345e+00,3.734000000000000341e+01
2.422419477844238500e+00,3.789999999999999858e+01
2.392998560714721723e+00,3.803000000000000114e+01
2.366263780212402246e+00,3.914000000000000057e+01
2.330533680725097589e+00,3.971999999999999886e+01
2.302134573364257975e+00,3.917000000000000171e+01
2.279400823211669813e+00,4.031000000000000227e+01
2.262731335258483689e+00,4.028000000000000114e+01
2.240204013252258264e+00,4.135999999999999943e+01
2.224321120834350740e+00,4.164999999999999858e+01
2.203070139312744313e+00,4.184000000000000341e+01
2.186558526802063085e+00,4.142000000000000171e+01
2.177880771827697792e+00,4.159000000000000341e+01
2.157675479125976459e+00,4.221999999999999886e+01
2.151295912933349541e+00,4.107999999999999829e+01
2.130795385169983014e+00,4.252000000000000313e+01
2.129611420822143497e+00,4.256000000000000227e+01
2.113500785064697407e+00,4.306000000000000227e+01
2.100201630973816069e+00,4.296000000000000085e+01
2.098097870254516550e+00,4.300000000000000000e+01
2.079520149612426927e+00,4.346000000000000085e+01
2.077227182388305504e+00,4.400999999999999801e+01
2.064394264984130700e+00,4.359000000000000341e+01
2.051190842628479061e+00,4.425999999999999801e+01
2.055084572410583288e+00,4.420000000000000284e+01
2.043991412353515447e+00,4.486999999999999744e+01
2.021549931144714485e+00,4.492000000000000171e+01
2.016164536666869900e+00,4.436999999999999744e+01
2.013617453956603853e+00,4.489999999999999858e+01
2.008988419723510610e+00,4.514999999999999858e+01
2.003408827400207315e+00,4.542000000000000171e+01
1.996108730697631728e+00,4.536999999999999744e+01
1.985193422126769969e+00,4.525999999999999801e+01
1.979980740356445335e+00,4.539000000000000057e+01
1.971378949928283664e+00,4.510000000000000142e+01
1.966723133850097671e+00,4.550000000000000000e+01
1.961565336227417022e+00,4.634000000000000341e+01
1.951298721885681209e+00,4.532999999999999829e+01
1.946772676277160663e+00,4.635000000000000142e+01
1.940117978858947767e+00,4.586999999999999744e+01
1.946253911018371641e+00,4.634000000000000341e+01
1.933519329261779829e+00,4.635999999999999943e+01
1.934788854408264092e+00,4.642000000000000171e+01
1.923673496055603005e+00,4.635000000000000142e+01
1.918325871658325132e+00,4.650999999999999801e+01
1.919957740974426175e+00,4.664999999999999858e+01
1.915876622200012314e+00,4.772999999999999687e+01
1.901460242271423295e+00,4.557000000000000028e+01
1.904949293899536045e+00,4.690999999999999659e+01
1.892793275070190351e+00,4.817999999999999972e+01
1.886301761245727571e+00,4.704999999999999716e+01
1.882562234497070275e+00,4.709000000000000341e+01
1.878086250305175842e+00,4.652000000000000313e+01
1.877215884017944258e+00,4.735999999999999943e+01
1.867924668502807695e+00,4.692999999999999972e+01
1.862239788055420009e+00,4.771999999999999886e+01
1.860740207290649373e+00,4.785000000000000142e+01
1.862341343498229884e+00,4.788000000000000256e+01
1.851101872444152807e+00,4.799000000000000199e+01
1.847379781913757402e+00,4.711999999999999744e+01
1.844879105377197348e+00,4.753999999999999915e+01
1.837340794754028339e+00,4.834000000000000341e+01
1.834125372505188034e+00,4.800999999999999801e+01
1.838999056243896479e+00,4.797999999999999687e+01
1.825978766059875413e+00,4.828000000000000114e+01
1.822162545585632287e+00,4.790999999999999659e+01
1.825298295783996494e+00,4.761999999999999744e+01
1.811756064796447685e+00,4.775999999999999801e+01
1.806774020004272563e+00,4.846999999999999886e+01
1.806315741157531685e+00,4.786999999999999744e+01
1.801841608047485277e+00,4.757999999999999829e+01
1.804957276916503872e+00,4.820000000000000284e+01
1.795314723014831637e+00,4.739000000000000057e+01
1.792567117309570301e+00,4.817000000000000171e+01
1.787972124671936003e+00,4.821000000000000085e+01
1.790051170349121090e+00,4.815999999999999659e+01
1.780167122840881300e+00,4.897999999999999687e+01
1.777548596763610878e+00,4.824000000000000199e+01
1.775762365913391205e+00,4.789999999999999858e+01
1.770317006874084553e+00,4.892000000000000171e+01
1.766822601318359443e+00,4.889999999999999858e+01
1.765026101684570303e+00,4.890999999999999659e+01
1.757855423164367714e+00,4.868999999999999773e+01
1.750293253326415943e+00,4.850999999999999801e+01
1.750326036643981897e+00,4.904999999999999716e+01
1.745444799613952602e+00,4.902000000000000313e+01
1.744136546516418473e+00,4.917999999999999972e+01
1.741206344223022562e+00,4.885000000000000142e+01
1.736260004615783670e+00,4.874000000000000199e+01
1.732201918411254926e+00,4.817000000000000171e+01
1.735884069633483850e+00,4.881000000000000227e+01
1.729005886077880749e+00,4.910999999999999943e+01
1.722156694984436021e+00,4.910000000000000142e+01
1.722572875785827629e+00,5.015999999999999659e+01
1.717670176506042479e+00,4.971999999999999886e+01
1.718094035148620691e+00,4.922999999999999687e+01
1.706165863800048754e+00,4.960999999999999943e+01
1.703601294326782201e+00,4.936999999999999744e+01
1.704936189651489187e+00,4.935000000000000142e+01
1.693939057731628450e+00,4.925999999999999801e+01
1.690429274368286050e+00,5.013000000000000256e+01
1.692100256729125896e+00,4.889999999999999858e+01
1.689890560722351109e+00,4.970000000000000284e+01
1.683659853172302157e+00,4.878999999999999915e+01
1.676876268386840785e+00,4.957000000000000028e+01
1.677300936698913558e+00,4.995000000000000284e+01
1.666750121879577717e+00,4.996999999999999886e+01
1.664903046989441027e+00,5.061999999999999744e+01
1.660651292800903400e+00,5.025999999999999801e+01
1.656081612014770554e+00,5.021000000000000085e+01
1.651858563613891606e+00,5.021000000000000085e+01
1.651678834724426226e+00,4.985000000000000142e+01
1.640634238624572694e+00,5.000999999999999801e+01
1.634818977546691920e+00,5.042999999999999972e+01
1.633244902801513687e+00,5.090999999999999659e+01
1.631720706748962302e+00,5.057999999999999829e+01
1.627362388229370183e+00,4.978999999999999915e+01
1.614040454292297255e+00,4.993999999999999773e+01
1.604505784988403239e+00,5.082999999999999829e+01
1.610024504852294980e+00,5.092000000000000171e+01
1.601202193260192974e+00,5.040999999999999659e+01
1.597143464279174863e+00,5.067999999999999972e+01
1.601379274559020960e+00,5.170000000000000284e+01
1.594434941673278816e+00,5.060999999999999943e+01
1.587489945030212457e+00,5.121000000000000085e+01
1.583452076148986754e+00,5.082999999999999829e+01
1.575414795875549334e+00,5.078999999999999915e+01
1.580299906539917032e+00,5.043999999999999773e+01
1.569402484130859365e+00,5.106000000000000227e+01
1.566166757392883246e+00,5.161999999999999744e+01
1.558430338096618684e+00,5.164000000000000057e+01
1.554684734725952255e+00,5.154999999999999716e+01
1.554004846191406219e+00,5.135000000000000142e+01
1.546660738182067840e+00,5.161999999999999744e+01
1.537240329551696760e+00,5.128999999999999915e+01
1.537485376167297302e+00,5.157999999999999829e+01
1.530000146198272626e+00,5.207000000000000028e+01
1.531013466453552185e+00,5.172999999999999687e+01
1.525332839393615636e+00,5.210999999999999943e+01
1.523117768669128402e+00,5.190999999999999659e+01
1.518927995109558005e+00,5.227000000000000313e+01
1.509097701549529935e+00,5.146999999999999886e+01
1.512880385780334569e+00,5.134000000000000341e+01
1.508166249275207482e+00,5.207999999999999829e+01
1.508868933582306004e+00,5.142000000000000171e+01
1.498810338401794340e+00,5.195000000000000284e+01
1.496469660758972253e+00,5.229999999999999716e+01
1.497117818450927729e+00,5.171000000000000085e+01
1.486219621372222965e+00,5.209000000000000341e+01
1.490250944042205816e+00,5.235000000000000142e+01
1.489124685668945292e+00,5.207000000000000028e+01
1.482727324867248564e+00,5.274000000000000199e+01
1.480291431808471669e+00,5.271999999999999886e+01
1.469156587982177742e+00,5.250000000000000000e+01
1.473562592124938897e+00,5.259000000000000341e+01
1.469595624732971118e+00,5.240999999999999659e+01
1.459469720745086629e+00,5.221000000000000085e+01
1.463459790515899694e+00,5.210999999999999943e+01
1.461683553600311214e+00,5.256000000000000227e+01
1.459402291679382291e+00,5.267000000000000171e+01
1.447563418579101535e+00,5.242000000000000171e+01
1.447553939533233747e+00,5.228999999999999915e+01
1.444143356132507217e+00,5.246999999999999886e+01
1.441235991191863963e+00,5.282999999999999829e+01
1.437592447853088373e+00,5.250000000000000000e+01
1.435251144123077305e+00,5.289999999999999858e+01
1.435198753166198715e+00,5.224000000000000199e+01
1.427245410442352203e+00,5.245000000000000284e+01
1.423967614459991538e+00,5.307000000000000028e+01
1.418003257369995218e+00,5.292000000000000171e+01
1.418981025791168138e+00,5.260999999999999943e+01
1.420313076877594005e+00,5.290999999999999659e+01
1.407783644485473662e+00,5.334000000000000341e+01
1.412499299144744924e+00,5.267999999999999972e+01
1.408066734409332277e+00,5.296999999999999886e+01
1.401826811122894201e+00,5.281000000000000227e+01
1.396404487037658626e+00,5.321999999999999886e+01
1.399708157730102487e+00,5.309000000000000341e+01
1.395868533229827957e+00,5.295000000000000284e+01
1.392396662330627422e+00,5.347999999999999687e+01
1.395109895229339703e+00,5.281000000000000227e+01
1.384772464179992779e+00,5.296000000000000085e+01
1.382130675315856871e+00,5.292999999999999972e+01
1.381360346698760955e+00,5.267000000000000171e+01
1.377029230499267509e+00,5.325000000000000000e+01
1.377551881408691337e+00,5.317999999999999972e+01
1.372810703468322790e+00,5.321999999999999886e+01
1.371693169784545807e+00,5.317999999999999972e+01
1.366274433898925889e+00,5.325000000000000000e+01
1.367454154777526965e+00,5.334000000000000341e+01
1.357583660984039264e+00,5.314000000000000057e+01
1.360314145946502684e+00,5.290999999999999659e+01
1.348652053165435794e+00,5.300999999999999801e+01
1.357147674274444604e+00,5.300999999999999801e+01
1.352276544857025087e+00,5.346999999999999886e+01
1.343813449764251766e+00,5.317999999999999972e+01
1.347585416889190757e+00,5.306000000000000227e+01
1.341076603126525768e+00,5.372999999999999687e+01
1.340671868705749503e+00,5.339999999999999858e+01
1.335430042839050202e+00,5.363000000000000256e+01
1.335245869255065942e+00,5.310999999999999943e+01
1.331958225154876718e+00,5.339999999999999858e+01
1.331601206874847509e+00,5.372999999999999687e+01
1.325075118255615303e+00,5.343999999999999773e+01
1.322426969242096018e+00,5.324000000000000199e+01
1.318633616828918553e+00,5.368999999999999773e+01
1.319584541225433449e+00,5.357999999999999829e+01
1.318299523830413822e+00,5.359000000000000341e+01
1.318095091056823653e+00,5.346999999999999886e+01
1.313733426570892426e+00,5.338000000000000256e+01
1.311920686149597115e+00,5.390999999999999659e+01
1.307347797203064044e+00,5.357000000000000028e+01
1.307709885311126641e+00,5.353999999999999915e+01
1.314938548564910992e+00,5.370000000000000284e+01
1.302930845832824813e+00,5.345000000000000284e+01
1.302828130626678460e+00,5.361999999999999744e+01
1.295762897682189996e+00,5.371000000000000085e+01
1.301273417949676547e+00,5.396999999999999886e+01
1.293409912776946946e+00,5.390999999999999659e+01
1.296987168407440105e+00,5.370000000000000284e+01
1.294828736782073886e+00,5.374000000000000199e+01
1.291668380260467597e+00,5.363000000000000256e+01
1.289555107975006054e+00,5.361999999999999744e+01
1.289136235237121619e+00,5.375000000000000000e+01
1.281643666172027629e+00,5.375999999999999801e+01
1.283755782222747888e+00,5.364000000000000057e+01
1.282356597518920838e+00,5.384000000000000341e+01
1.283024823474884002e+00,5.377000000000000313e+01
1.279648321628570562e+00,5.382000000000000028e+01
1.275231996536254853e+00,5.375000000000000000e+01
1.279761366748809914e+00,5.374000000000000199e+01
1.273717648696899518e+00,5.396000000000000085e+01
1.277712593555450526e+00,5.371999999999999886e+01
1.270902817630767734e+00,5.367000000000000171e+01
1.273391842555999798e+00,5.374000000000000199e+01
1.264025824737548875e+00,5.382000000000000028e+01
1.269319097614288294e+00,5.379999999999999716e+01
1.268507747840881272e+00,5.379999999999999716e+01
1.266296572875976523e+00,5.392000000000000171e+01
1.264447591590881270e+00,5.400999999999999801e+01
1.262723616409301863e+00,5.377000000000000313e+01
1.256841550064086821e+00,5.399000000000000199e+01
1.261545559310913056e+00,5.378000000000000114e+01
1.260241008377075200e+00,5.378999999999999915e+01
1.254852116584777910e+00,5.371999999999999886e+01
1.257445012950897167e+00,5.385999999999999943e+01
1.255409195518493615e+00,5.389999999999999858e+01
1.258071001052856408e+00,5.393999999999999773e+01
1.257798736572265597e+00,5.389000000000000057e+01
1.252882548236846860e+00,5.379999999999999716e+01
1.258942650032043531e+00,5.377000000000000313e+01
1.255585539913177451e+00,5.375999999999999801e+01
1.253378986167907660e+00,5.363000000000000256e+01
1.255617831611633317e+00,5.372999999999999687e+01
1.251415036392211855e+00,5.392000000000000171e+01
1.248852263450622502e+00,5.381000000000000227e+01
1.256020413303375216e+00,5.377000000000000313e+01
1.248578268241882228e+00,5.382999999999999829e+01
1.254738839054107657e+00,5.382999999999999829e+01
1.253281524467468211e+00,5.386999999999999744e+01
1.248870422267913893e+00,5.385999999999999943e+01
1.249257061576843242e+00,5.384000000000000341e+01
1.251259313678741547e+00,5.382000000000000028e+01
1.249342953491210828e+00,5.379999999999999716e+01
1.248288588905334562e+00,5.385999999999999943e+01
1.250028999614715586e+00,5.384000000000000341e+01
1.243641227054596010e+00,5.382999999999999829e+01
