Loss,Accuracy
4.325083954620361659e+00,5.549999999999999822e+00
3.925381237792968658e+00,1.277999999999999936e+01
3.683220695114135523e+00,1.583000000000000007e+01
3.526528662490844734e+00,1.744999999999999929e+01
3.421028247070312389e+00,2.019999999999999929e+01
3.328806405639648247e+00,2.044999999999999929e+01
3.259055820846557427e+00,2.251999999999999957e+01
3.192316000747680516e+00,2.305000000000000071e+01
3.135923777770996068e+00,2.444999999999999929e+01
3.092647933578491326e+00,2.519000000000000128e+01
3.047755838012695229e+00,2.621000000000000085e+01
3.002700645446777283e+00,2.664000000000000057e+01
2.967124139404297090e+00,2.751999999999999957e+01
2.935710772323608442e+00,2.839999999999999858e+01
2.905820543670654121e+00,2.858999999999999986e+01
2.875851542282104489e+00,2.905000000000000071e+01
2.850391538619994947e+00,2.942000000000000171e+01
2.832873917770385663e+00,3.057999999999999829e+01
2.794416368103027182e+00,2.976999999999999957e+01
2.774789649581909323e+00,3.167999999999999972e+01
2.741885754394531194e+00,3.153000000000000114e+01
2.721293448638915979e+00,3.210000000000000142e+01
2.690657746887207047e+00,3.279999999999999716e+01
2.667252178573608301e+00,3.334000000000000341e+01
2.638688870239257689e+00,3.360000000000000142e+01
2.620407321166992265e+00,3.313000000000000256e+01
2.598948006057739235e+00,3.397999999999999687e+01
2.571712060546874845e+00,3.538000000000000256e+01
2.551811943435668972e+00,3.535000000000000142e+01
2.521454724884033105e+00,3.543999999999999773e+01
2.492343653488159116e+00,3.677000000000000313e+01
2.463214252090454082e+00,3.671999999999999886e+01
2.428232508468628037e+00,3.825000000000000000e+01
2.402595886802673331e+00,3.799000000000000199e+01
2.380847221374511768e+00,3.804999999999999716e+01
2.357489125251770012e+00,3.900999999999999801e+01
2.335046306800842242e+00,3.914999999999999858e+01
2.309079117012023730e+00,3.931000000000000227e+01
2.296283285331726098e+00,3.982000000000000028e+01
2.271645090293884284e+00,3.932000000000000028e+01
2.256113984870910638e+00,4.010999999999999943e+01
2.245721468734741322e+00,3.925000000000000000e+01
2.223932252120971675e+00,4.078999999999999915e+01
2.208851716232299811e+00,4.124000000000000199e+01
2.199728078842162926e+00,4.114999999999999858e+01
2.186873483085632230e+00,4.167000000000000171e+01
2.168569389533996361e+00,4.150999999999999801e+01
2.158788588714599666e+00,4.106000000000000227e+01
2.152369489097595068e+00,4.220000000000000284e+01
2.138666658210754523e+00,4.210999999999999943e+01
2.124020590782165652e+00,4.213000000000000256e+01
2.118062149047851506e+00,4.365999999999999659e+01
2.105409553909301845e+00,4.395000000000000284e+01
2.093431124496460072e+00,4.292000000000000171e+01
2.084980359077453826e+00,4.340999999999999659e+01
2.076963879394531087e+00,4.417000000000000171e+01
2.062295764541625775e+00,4.404999999999999716e+01
2.053927032661437835e+00,4.402000000000000313e+01
2.044193668937682951e+00,4.361999999999999744e+01
2.033722215652465692e+00,4.464000000000000057e+01
2.031067203330993554e+00,4.467000000000000171e+01
2.013804809761047476e+00,4.460999999999999943e+01
2.008972200775146266e+00,4.425999999999999801e+01
1.995952749633788992e+00,4.427000000000000313e+01
1.993031366729736353e+00,4.411999999999999744e+01
1.986565998649597153e+00,4.413000000000000256e+01
1.977280744552612379e+00,4.434000000000000341e+01
1.962141607856750403e+00,4.492000000000000171e+01
1.958253293228149339e+00,4.532000000000000028e+01
1.945688982772827202e+00,4.589999999999999858e+01
1.941697648429870693e+00,4.635999999999999943e+01
1.938394234085083045e+00,4.467000000000000171e+01
1.926700785255432091e+00,4.570000000000000284e+01
1.927475662422180269e+00,4.546000000000000085e+01
1.918087660408019923e+00,4.575000000000000000e+01
1.905575971603393537e+00,4.597999999999999687e+01
1.900876093673706135e+00,4.511999999999999744e+01
1.892216996574401788e+00,4.652000000000000313e+01
1.885125463676452728e+00,4.610999999999999943e+01
1.886122506332397419e+00,4.678000000000000114e+01
1.872526856422424224e+00,4.613000000000000256e+01
1.874640330886840900e+00,4.642999999999999972e+01
1.859894079017639257e+00,4.609000000000000341e+01
1.852380098724365265e+00,4.657000000000000028e+01
1.852858261489868097e+00,4.692000000000000171e+01
1.846752332496643056e+00,4.652000000000000313e+01
1.842283412742614646e+00,4.661999999999999744e+01
1.835007961273193322e+00,4.752000000000000313e+01
1.820691293907165553e+00,4.818999999999999773e+01
1.820863186836242598e+00,4.710000000000000142e+01
1.809611935615539569e+00,4.735000000000000142e+01
1.808806668281555119e+00,4.759000000000000341e+01
1.800533091735839752e+00,4.767000000000000171e+01
1.794914293289184615e+00,4.784000000000000341e+01
1.782491491508483961e+00,4.771000000000000085e+01
1.779910636901855359e+00,4.714000000000000057e+01
1.769367058944702142e+00,4.828999999999999915e+01
1.772992146110534684e+00,4.802000000000000313e+01
1.765584918212890653e+00,4.714000000000000057e+01
1.759666594505310044e+00,4.786999999999999744e+01
1.758531027793884371e+00,4.753999999999999915e+01
1.749127076721191498e+00,4.875999999999999801e+01
1.741895824623107991e+00,4.777000000000000313e+01
1.741866015434265114e+00,4.821999999999999886e+01
1.734405059814453143e+00,4.767000000000000171e+01
1.724510687065124559e+00,4.803999999999999915e+01
1.718704546356201179e+00,4.800999999999999801e+01
1.716790392875671367e+00,4.871999999999999886e+01
1.711535658645629843e+00,4.828000000000000114e+01
1.699293201828002919e+00,4.821000000000000085e+01
1.699919570922851619e+00,4.853000000000000114e+01
1.686675399208068749e+00,4.815999999999999659e+01
1.693314227676391504e+00,4.885999999999999943e+01
1.681532844352722211e+00,4.875000000000000000e+01
1.674555604171752865e+00,4.861999999999999744e+01
1.673838748550415145e+00,4.815999999999999659e+01
1.668575944137573153e+00,4.889999999999999858e+01
1.661858488845825210e+00,4.803000000000000114e+01
1.654971684646606489e+00,4.907000000000000028e+01
1.642018944168090799e+00,4.890999999999999659e+01
1.647738039588928283e+00,4.917000000000000171e+01
1.632984386444091829e+00,4.789999999999999858e+01
1.635683021163940376e+00,4.893999999999999773e+01
1.628330667877197158e+00,4.902000000000000313e+01
1.617892985153198238e+00,4.882000000000000028e+01
1.613415722846984757e+00,4.953999999999999915e+01
1.608601851272583039e+00,4.917999999999999972e+01
1.605124399948120173e+00,4.953999999999999915e+01
1.601769663810729938e+00,4.954999999999999716e+01
1.592976253223419292e+00,4.928999999999999915e+01
1.588023487091064556e+00,4.910000000000000142e+01
1.582979892349243078e+00,4.939000000000000057e+01
1.579196072769164960e+00,5.014999999999999858e+01
1.576429098701477072e+00,4.938000000000000256e+01
1.563551759910583483e+00,4.989000000000000057e+01
1.569056329917907666e+00,4.985999999999999943e+01
1.556832498073577931e+00,4.992999999999999972e+01
1.554789586639404364e+00,4.992000000000000171e+01
1.546793722820281936e+00,5.057000000000000028e+01
1.544155425834655704e+00,4.954999999999999716e+01
1.534425489234924278e+00,5.052000000000000313e+01
1.532713186073303202e+00,4.990999999999999659e+01
1.524482527923584074e+00,5.028000000000000114e+01
1.519973792552947955e+00,5.002000000000000313e+01
1.514360453605651857e+00,4.946999999999999886e+01
1.505783878326415914e+00,5.022999999999999687e+01
1.501991794204711850e+00,5.050999999999999801e+01
1.499974923896789658e+00,4.978999999999999915e+01
1.493625378608703702e+00,5.039999999999999858e+01
1.490481896018981844e+00,4.996999999999999886e+01
1.479432952499389664e+00,5.034000000000000341e+01
1.474745870590209895e+00,5.035000000000000142e+01
1.470050377655029328e+00,5.061999999999999744e+01
1.461977611732482973e+00,4.995000000000000284e+01
1.460039819717407150e+00,5.017000000000000171e+01
1.454948639869690030e+00,5.057000000000000028e+01
1.450949026298522959e+00,5.046000000000000085e+01
1.447770392799377470e+00,5.010999999999999943e+01
1.433179588699340812e+00,4.997999999999999687e+01
1.438669971275329695e+00,5.111999999999999744e+01
1.430197800064086922e+00,5.028000000000000114e+01
1.422217689990997291e+00,5.059000000000000341e+01
1.417452124786376944e+00,5.085999999999999943e+01
1.411073775291442844e+00,5.032999999999999829e+01
1.409691816616058357e+00,5.010999999999999943e+01
1.397574537658691440e+00,5.018999999999999773e+01
1.396217606925964416e+00,5.096000000000000085e+01
1.384997550392150778e+00,5.064000000000000057e+01
1.382081231498718310e+00,5.060999999999999943e+01
1.379106869697570792e+00,5.071999999999999886e+01
1.367266291522979627e+00,5.102000000000000313e+01
1.366583813762664690e+00,5.085000000000000142e+01
1.360037843799591029e+00,5.110000000000000142e+01
1.360728484153747475e+00,5.150000000000000000e+01
1.346924439334869383e+00,5.117000000000000171e+01
1.343476606941223173e+00,5.109000000000000341e+01
1.331788601970672614e+00,5.107999999999999829e+01
1.333539981174469036e+00,5.114000000000000057e+01
1.323593010234832779e+00,5.088000000000000256e+01
1.320690818595886329e+00,5.115999999999999659e+01
1.315163581848144636e+00,5.103999999999999915e+01
1.303554883193969616e+00,5.118999999999999773e+01
1.305570614719390843e+00,5.178999999999999915e+01
1.299781056785583422e+00,5.182999999999999829e+01
1.290497804164886464e+00,5.182000000000000028e+01
1.287269005203247163e+00,5.061999999999999744e+01
1.282464028072357154e+00,5.100999999999999801e+01
1.275861869335174648e+00,5.104999999999999716e+01
1.269735620594024672e+00,5.153000000000000114e+01
1.264651720237731869e+00,5.100999999999999801e+01
1.254669690513610769e+00,5.132000000000000028e+01
1.245950900363922198e+00,5.139000000000000057e+01
1.245848306369781389e+00,5.099000000000000199e+01
1.245311466407775791e+00,5.115999999999999659e+01
1.231590040397644081e+00,5.143999999999999773e+01
1.230514919185638378e+00,5.124000000000000199e+01
1.223325044631957903e+00,5.128999999999999915e+01
1.216133426856994548e+00,5.138000000000000256e+01
1.219449374580383383e+00,5.171000000000000085e+01
1.210559038352966299e+00,5.095000000000000284e+01
1.211218879508972224e+00,5.138000000000000256e+01
1.196206272029876727e+00,5.150000000000000000e+01
1.186597727012634218e+00,5.152000000000000313e+01
1.190875711822509730e+00,5.168999999999999773e+01
1.187962958526611379e+00,5.196999999999999886e+01
1.187572103881835872e+00,5.136999999999999744e+01
1.175523084354400671e+00,5.127000000000000313e+01
1.173659790611267129e+00,5.132000000000000028e+01
1.166212600803375299e+00,5.139000000000000057e+01
1.163004189014434919e+00,5.142999999999999972e+01
1.160760300350189178e+00,5.164000000000000057e+01
1.150706789302825994e+00,5.138000000000000256e+01
1.148215532875060951e+00,5.182999999999999829e+01
1.144599818038940509e+00,5.168999999999999773e+01
1.137292922878265333e+00,5.142000000000000171e+01
1.138765022468566812e+00,5.175000000000000000e+01
1.126948889732360737e+00,5.135000000000000142e+01
1.125257520866393968e+00,5.125000000000000000e+01
1.119689454174041643e+00,5.139999999999999858e+01
1.116756583690643234e+00,5.128999999999999915e+01
1.111885208320617657e+00,5.085000000000000142e+01
1.102730288124084579e+00,5.143999999999999773e+01
1.106567567348480274e+00,5.132999999999999829e+01
1.096402577877044759e+00,5.113000000000000256e+01
1.094570960426330508e+00,5.171000000000000085e+01
1.086955187416076551e+00,5.135000000000000142e+01
1.083279956245422282e+00,5.171999999999999886e+01
1.074887995147705055e+00,5.128999999999999915e+01
1.083579071235656777e+00,5.120000000000000284e+01
1.070166325759887682e+00,5.172999999999999687e+01
1.069083165359496990e+00,5.171999999999999886e+01
1.063533467388153131e+00,5.115999999999999659e+01
1.063435005187988391e+00,5.160999999999999943e+01
1.052080344963073788e+00,5.140999999999999659e+01
1.057336753559112497e+00,5.174000000000000199e+01
1.046748343467712505e+00,5.181000000000000227e+01
1.049610885906219426e+00,5.128000000000000114e+01
1.035519284152984554e+00,5.160999999999999943e+01
1.036954552555084286e+00,5.145000000000000284e+01
1.035978323364257880e+00,5.159000000000000341e+01
1.033672433471679586e+00,5.143999999999999773e+01
1.024612697219848600e+00,5.150000000000000000e+01
1.020532496261596700e+00,5.145000000000000284e+01
1.015306671237945491e+00,5.165999999999999659e+01
1.015385196495056208e+00,5.147999999999999687e+01
1.012118527603149465e+00,5.160000000000000142e+01
1.009479656887054544e+00,5.145000000000000284e+01
1.008862265682220372e+00,5.127000000000000313e+01
1.003789726924896319e+00,5.178000000000000114e+01
1.000541050148010314e+00,5.153999999999999915e+01
9.909065050125122065e-01,5.171000000000000085e+01
9.942863063812256152e-01,5.167999999999999972e+01
9.903301355361938674e-01,5.159000000000000341e+01
9.888879084587096635e-01,5.147999999999999687e+01
9.846675279617309595e-01,5.149000000000000199e+01
9.814270415306091122e-01,5.160000000000000142e+01
9.782447800636291380e-01,5.114999999999999858e+01
9.709678687095641969e-01,5.117000000000000171e+01
9.746634490966796793e-01,5.127000000000000313e+01
9.666736155509948469e-01,5.103999999999999915e+01
9.699427991867065613e-01,5.131000000000000227e+01
9.616209799766540778e-01,5.142000000000000171e+01
9.584739562988281447e-01,5.139000000000000057e+01
9.609313102722167876e-01,5.115999999999999659e+01
9.611305996894836667e-01,5.150000000000000000e+01
9.538525595664978374e-01,5.110000000000000142e+01
9.546824943542480124e-01,5.118999999999999773e+01
9.460073663711547898e-01,5.110000000000000142e+01
9.485616903305054137e-01,5.104999999999999716e+01
9.500849151611328036e-01,5.121999999999999886e+01
9.460202154159546017e-01,5.127000000000000313e+01
9.445489319801330108e-01,5.118999999999999773e+01
9.425009526252746683e-01,5.113000000000000256e+01
9.419108159065247010e-01,5.122999999999999687e+01
9.406050045013427674e-01,5.124000000000000199e+01
9.400111349105835234e-01,5.117999999999999972e+01
9.322772792816161891e-01,5.114999999999999858e+01
9.390727208137512605e-01,5.110000000000000142e+01
9.292101246833801564e-01,5.127000000000000313e+01
9.295871226310730151e-01,5.125999999999999801e+01
9.342222127914429075e-01,5.096999999999999886e+01
9.302288469314574648e-01,5.120000000000000284e+01
9.287979710578918580e-01,5.117999999999999972e+01
9.314080274581909569e-01,5.124000000000000199e+01
9.288680171012878573e-01,5.110000000000000142e+01
9.240168158531189002e-01,5.110000000000000142e+01
9.271957473754882662e-01,5.110000000000000142e+01
9.270694972515106658e-01,5.118999999999999773e+01
9.191043695449828688e-01,5.121000000000000085e+01
9.227019672393799166e-01,5.110000000000000142e+01
9.225348326683044942e-01,5.110999999999999943e+01
9.206869606971740394e-01,5.106000000000000227e+01
9.250500745773315714e-01,5.110999999999999943e+01
9.225747540473937525e-01,5.103999999999999915e+01
9.214778817176818571e-01,5.110000000000000142e+01
9.201001250267029086e-01,5.107999999999999829e+01
9.229368647575378892e-01,5.107999999999999829e+01
9.157493401527404542e-01,5.110999999999999943e+01
9.241229563713073691e-01,5.110999999999999943e+01
9.229975276947021134e-01,5.110000000000000142e+01
