Loss,Accuracy
4.264056696701049809e+00,8.509999999999999787e+00
3.837953580093383721e+00,1.303999999999999915e+01
3.617585913085937577e+00,1.630999999999999872e+01
3.491188891983032061e+00,1.825000000000000000e+01
3.397224694061279138e+00,1.948000000000000043e+01
3.313274285125732632e+00,2.046999999999999886e+01
3.253175016784668028e+00,2.257999999999999829e+01
3.193642684555053624e+00,2.353999999999999915e+01
3.148474882507324324e+00,2.383999999999999986e+01
3.103685319137573284e+00,2.432999999999999829e+01
3.068569165039062518e+00,2.600000000000000000e+01
3.028346150970458783e+00,2.617000000000000171e+01
2.987944686508178904e+00,2.632999999999999829e+01
2.949240209579467642e+00,2.717000000000000171e+01
2.915393804550170831e+00,2.626999999999999957e+01
2.886951679229736278e+00,2.805999999999999872e+01
2.851363006210327011e+00,2.928999999999999915e+01
2.825720523834228448e+00,2.837000000000000099e+01
2.799811761856079162e+00,3.005999999999999872e+01
2.773442938232421717e+00,3.076999999999999957e+01
2.751321667480468580e+00,3.042000000000000171e+01
2.720992649841308619e+00,3.107999999999999829e+01
2.701962076568603432e+00,3.062000000000000099e+01
2.679405846023559690e+00,3.198999999999999844e+01
2.668017873001098828e+00,3.171999999999999886e+01
2.641367581176757628e+00,3.279999999999999716e+01
2.616083822250366175e+00,3.196000000000000085e+01
2.596564463806152467e+00,3.274000000000000199e+01
2.577920676803588940e+00,3.334000000000000341e+01
2.563181595230102694e+00,3.407999999999999829e+01
2.543435233497619574e+00,3.439000000000000057e+01
2.526449476242065284e+00,3.456000000000000227e+01
2.517150204086303855e+00,3.540999999999999659e+01
2.501537307167053026e+00,3.560000000000000142e+01
2.473920302009582350e+00,3.450999999999999801e+01
2.470310078620910677e+00,3.574000000000000199e+01
2.449625443649292134e+00,3.564999999999999858e+01
2.433983262062072939e+00,3.575999999999999801e+01
2.419224591064453200e+00,3.620000000000000284e+01
2.402340781021118143e+00,3.620000000000000284e+01
2.388632249832153498e+00,3.638000000000000256e+01
2.367867926216125518e+00,3.707000000000000028e+01
2.349572918701171798e+00,3.682999999999999829e+01
2.340541378784179560e+00,3.732000000000000028e+01
2.321540008163452296e+00,3.793999999999999773e+01
2.310752314376831151e+00,3.846999999999999886e+01
2.300794629859924445e+00,3.900000000000000000e+01
2.278380151557922506e+00,3.867999999999999972e+01
2.268768893051147373e+00,3.810000000000000142e+01
2.248540600967407155e+00,3.868999999999999773e+01
2.244925629043579285e+00,3.949000000000000199e+01
2.225485885238647654e+00,3.875999999999999801e+01
2.205866838264465279e+00,4.006000000000000227e+01
2.195867394065857070e+00,3.960000000000000142e+01
2.189407246589660794e+00,4.102000000000000313e+01
2.172784321403503416e+00,4.071999999999999886e+01
2.159661530494689785e+00,4.147999999999999687e+01
2.153444353866577288e+00,4.035000000000000142e+01
2.137699316215515122e+00,3.972999999999999687e+01
2.137348236465454132e+00,4.186999999999999744e+01
2.117692133712768765e+00,4.138000000000000256e+01
2.111045557212829493e+00,4.179999999999999716e+01
2.095820455741882249e+00,4.186999999999999744e+01
2.083906052017212129e+00,4.249000000000000199e+01
2.071409381103515468e+00,4.178999999999999915e+01
2.068923373413086075e+00,4.178000000000000114e+01
2.049451920127868476e+00,4.274000000000000199e+01
2.040232876586914212e+00,4.307000000000000028e+01
2.039794061851501361e+00,4.322999999999999687e+01
2.017015230560302630e+00,4.292000000000000171e+01
2.014589711761474611e+00,4.327000000000000313e+01
2.001222324943542574e+00,4.339999999999999858e+01
1.999323766517639100e+00,4.350000000000000000e+01
1.990008712005615132e+00,4.403000000000000114e+01
1.976852141189575196e+00,4.382000000000000028e+01
1.973562757492065334e+00,4.402000000000000313e+01
1.959482376098632850e+00,4.407000000000000028e+01
1.959247744560241644e+00,4.364000000000000057e+01
1.951875972747802779e+00,4.482000000000000028e+01
1.941048684310913153e+00,4.471000000000000085e+01
1.928062647628784099e+00,4.500999999999999801e+01
1.926029852485656724e+00,4.449000000000000199e+01
1.921305432128906254e+00,4.509000000000000341e+01
1.909454667282104445e+00,4.464999999999999858e+01
1.906514939880371129e+00,4.489000000000000057e+01
1.898242388153076110e+00,4.514000000000000057e+01
1.892595716094970681e+00,4.543999999999999773e+01
1.882468227577209552e+00,4.490999999999999659e+01
1.879755693435668951e+00,4.520000000000000284e+01
1.878504038047790425e+00,4.471000000000000085e+01
1.863879043769836485e+00,4.553000000000000114e+01
1.854050665664672914e+00,4.470000000000000284e+01
1.849604750633239814e+00,4.546000000000000085e+01
1.841732975959777807e+00,4.550999999999999801e+01
1.838518161964416420e+00,4.621999999999999886e+01
1.823811962890625082e+00,4.564000000000000057e+01
1.813715733528137308e+00,4.722999999999999687e+01
1.810350330352783255e+00,4.672999999999999687e+01
1.799944602203369159e+00,4.653999999999999915e+01
1.795358418846130455e+00,4.578999999999999915e+01
1.790332369232177756e+00,4.732999999999999829e+01
1.778637349510192811e+00,4.728000000000000114e+01
1.781532630538940509e+00,4.735000000000000142e+01
1.771627073860168489e+00,4.696999999999999886e+01
1.757626165199279722e+00,4.685000000000000142e+01
1.762766510963439837e+00,4.654999999999999716e+01
1.758753855514526343e+00,4.677000000000000313e+01
1.746496982383727969e+00,4.778999999999999915e+01
1.744987655258178672e+00,4.729999999999999716e+01
1.740011448097229074e+00,4.754999999999999716e+01
1.737011546897888170e+00,4.788000000000000256e+01
1.726691583061218171e+00,4.749000000000000199e+01
1.717846891975402857e+00,4.821000000000000085e+01
1.723990824508667030e+00,4.767999999999999972e+01
1.718961725616455105e+00,4.806000000000000227e+01
1.709339793586730938e+00,4.709000000000000341e+01
1.707355308151245143e+00,4.789000000000000057e+01
1.698430214309692321e+00,4.810000000000000142e+01
1.698755940437316925e+00,4.775999999999999801e+01
1.691001542472839292e+00,4.850999999999999801e+01
1.688696420669555609e+00,4.728000000000000114e+01
1.677094103240966749e+00,4.809000000000000341e+01
1.680815519523620516e+00,4.792999999999999972e+01
1.670509397506713789e+00,4.810000000000000142e+01
1.668959759902954199e+00,4.760999999999999943e+01
1.663094526100158621e+00,4.820000000000000284e+01
1.665440607261657657e+00,4.856000000000000227e+01
1.656804682159423781e+00,4.857999999999999829e+01
1.649452119827270469e+00,4.886999999999999744e+01
1.653854426193237304e+00,4.834000000000000341e+01
1.651455147743225105e+00,4.829999999999999716e+01
1.639633070182800356e+00,4.828000000000000114e+01
1.636168489837646511e+00,4.867999999999999972e+01
1.641989576339721646e+00,4.850000000000000000e+01
1.628664329338073813e+00,4.835000000000000142e+01
1.621468854141235427e+00,4.846000000000000085e+01
1.616916141319274969e+00,4.882999999999999829e+01
1.623149712944030654e+00,4.850999999999999801e+01
1.613390021324157653e+00,4.850999999999999801e+01
1.609940771770477230e+00,4.889999999999999858e+01
1.605790144538879360e+00,4.854999999999999716e+01
1.603985025405883835e+00,4.885000000000000142e+01
1.593473056030273449e+00,4.832999999999999829e+01
1.587113961982727028e+00,4.840999999999999659e+01
1.590047775077819914e+00,4.888000000000000256e+01
1.589300764369964591e+00,4.906000000000000227e+01
1.586417401885986234e+00,4.839000000000000057e+01
1.576637888717651315e+00,4.889999999999999858e+01
1.578733633995056174e+00,4.910000000000000142e+01
1.568541408920288038e+00,4.943999999999999773e+01
1.565772552680969154e+00,4.949000000000000199e+01
1.565667397308349695e+00,4.921999999999999886e+01
1.560063160896301371e+00,4.864000000000000057e+01
1.553765212821960340e+00,4.900999999999999801e+01
1.552993708610534762e+00,4.978999999999999915e+01
1.549974914360046307e+00,4.982000000000000028e+01
1.544567300796508835e+00,4.967999999999999972e+01
1.541032502174377372e+00,4.954999999999999716e+01
1.541571823501586946e+00,4.925000000000000000e+01
1.539105157279968328e+00,5.021999999999999886e+01
1.533898342132568260e+00,4.978999999999999915e+01
1.530581217479705769e+00,4.895000000000000284e+01
1.526945879745483348e+00,4.946999999999999886e+01
1.527510552406311062e+00,4.981000000000000227e+01
1.518916643905639630e+00,4.947999999999999687e+01
1.518526046085357573e+00,4.960999999999999943e+01
1.506326440811157186e+00,4.985000000000000142e+01
1.505482639312744064e+00,4.925999999999999801e+01
1.501867937469482328e+00,4.996000000000000085e+01
1.496296484470367449e+00,4.889999999999999858e+01
1.497430183410644489e+00,5.000999999999999801e+01
1.496746310997009388e+00,4.982999999999999829e+01
1.491232767295837425e+00,4.984000000000000341e+01
1.489414056396484387e+00,5.003000000000000114e+01
1.479894177913665843e+00,4.950999999999999801e+01
1.483739849853515702e+00,4.949000000000000199e+01
1.471521153068542587e+00,5.018999999999999773e+01
1.471460490989685121e+00,4.985000000000000142e+01
1.470960076332092248e+00,4.957999999999999829e+01
1.466502602767944419e+00,4.967999999999999972e+01
1.464491492366790881e+00,4.947999999999999687e+01
1.458874231147766043e+00,4.996999999999999886e+01
1.458998921871185406e+00,5.007999999999999829e+01
1.448576783561706494e+00,5.053999999999999915e+01
1.452083451652526946e+00,4.997999999999999687e+01
1.442143950176238976e+00,5.045000000000000284e+01
1.444174191284179676e+00,5.025000000000000000e+01
1.439501979255676245e+00,4.982000000000000028e+01
1.433031749916076736e+00,5.027000000000000313e+01
1.436015525817871064e+00,5.013000000000000256e+01
1.429355696773529028e+00,5.003000000000000114e+01
1.427921526050567547e+00,4.986999999999999744e+01
1.419054570674896265e+00,5.039000000000000057e+01
1.420981820106506310e+00,5.039999999999999858e+01
1.415999998474121169e+00,5.050000000000000000e+01
1.410396706390380839e+00,5.054999999999999716e+01
1.407596609306335456e+00,5.015999999999999659e+01
1.403591274356841945e+00,5.024000000000000199e+01
1.404488828468322792e+00,5.067000000000000171e+01
1.401944739055633438e+00,5.092000000000000171e+01
1.396015784835815454e+00,5.017999999999999972e+01
1.392421866798400965e+00,5.092999999999999972e+01
1.392413534545898335e+00,5.057999999999999829e+01
1.389906750106811417e+00,5.043999999999999773e+01
1.382429314708709667e+00,5.060999999999999943e+01
1.374353070831298762e+00,5.079999999999999716e+01
1.376852268505096344e+00,5.047999999999999687e+01
1.372836437702178891e+00,5.040999999999999659e+01
1.372248093891143883e+00,5.021000000000000085e+01
1.372714131927490255e+00,5.060999999999999943e+01
1.366357248306274474e+00,5.067000000000000171e+01
1.360018867778778118e+00,5.067000000000000171e+01
1.356243818378448429e+00,5.075000000000000000e+01
1.356154381275177068e+00,5.031000000000000227e+01
1.355708901309967018e+00,5.081000000000000227e+01
1.350455517673492478e+00,5.057999999999999829e+01
1.341518153762817356e+00,5.085999999999999943e+01
1.344673702049255404e+00,5.085999999999999943e+01
1.347056871414184620e+00,5.075999999999999801e+01
1.342846877765655478e+00,5.110999999999999943e+01
1.337079280853271435e+00,5.089000000000000057e+01
1.331027211570739777e+00,5.075000000000000000e+01
1.330297491836547774e+00,5.057999999999999829e+01
1.328949292182922459e+00,5.064999999999999858e+01
1.327177162837982261e+00,5.113000000000000256e+01
1.324246502876281761e+00,5.100999999999999801e+01
1.326518692016601664e+00,5.111999999999999744e+01
1.310458804988861026e+00,5.059000000000000341e+01
1.313458584880828894e+00,5.089000000000000057e+01
1.317583283615112233e+00,5.104999999999999716e+01
1.312185200500488369e+00,5.111999999999999744e+01
1.309640138244628993e+00,5.078000000000000114e+01
1.305410017299652115e+00,5.064000000000000057e+01
1.301859243106842090e+00,5.088000000000000256e+01
1.301250001907348741e+00,5.061999999999999744e+01
1.295557299613952607e+00,5.107999999999999829e+01
1.294945371055602923e+00,5.099000000000000199e+01
1.295363778877258287e+00,5.121999999999999886e+01
1.290112634754180920e+00,5.085000000000000142e+01
1.285861474990844799e+00,5.131000000000000227e+01
1.287759712791442857e+00,5.100999999999999801e+01
1.287359239768981922e+00,5.096999999999999886e+01
1.278118651199340761e+00,5.102000000000000313e+01
1.280930056762695335e+00,5.103000000000000114e+01
1.273155333709716786e+00,5.104999999999999716e+01
1.284058418750762876e+00,5.114000000000000057e+01
1.272927782058715929e+00,5.077000000000000313e+01
1.273977604770660355e+00,5.057999999999999829e+01
1.270299328899383573e+00,5.120000000000000284e+01
1.268352492618560756e+00,5.100999999999999801e+01
1.271027147483825726e+00,5.081000000000000227e+01
1.267796581649780263e+00,5.124000000000000199e+01
1.265447819423675568e+00,5.111999999999999744e+01
1.261403965377807523e+00,5.092999999999999972e+01
1.260022028255462612e+00,5.132000000000000028e+01
1.260261210441589341e+00,5.114999999999999858e+01
1.253504122161865242e+00,5.122999999999999687e+01
1.256481710910797078e+00,5.104999999999999716e+01
1.251965944576263423e+00,5.139000000000000057e+01
1.250047992801666341e+00,5.118999999999999773e+01
1.248545787525177087e+00,5.128000000000000114e+01
1.248368191432952967e+00,5.114000000000000057e+01
1.243147344779968355e+00,5.131000000000000227e+01
1.245820653820037816e+00,5.153999999999999915e+01
1.243673834705352865e+00,5.115999999999999659e+01
1.244286372566223209e+00,5.099000000000000199e+01
1.238668602371215899e+00,5.128000000000000114e+01
1.238142288589477502e+00,5.129999999999999716e+01
1.237268948459625317e+00,5.127000000000000313e+01
1.240291061019897390e+00,5.121999999999999886e+01
1.234675485420227092e+00,5.125000000000000000e+01
1.228086739826202312e+00,5.125999999999999801e+01
1.231158608531951915e+00,5.129999999999999716e+01
1.233326681327819863e+00,5.125000000000000000e+01
1.232842580604553318e+00,5.115999999999999659e+01
1.233531933689117510e+00,5.131000000000000227e+01
1.230380519580841048e+00,5.139000000000000057e+01
1.227863486099243229e+00,5.131000000000000227e+01
1.226901627635955894e+00,5.134000000000000341e+01
1.227267103195190501e+00,5.115999999999999659e+01
1.225609120655059892e+00,5.156000000000000227e+01
1.220610137081146185e+00,5.139999999999999858e+01
1.224412535381317113e+00,5.150000000000000000e+01
1.224508553886413553e+00,5.149000000000000199e+01
1.224582425498962346e+00,5.139999999999999858e+01
1.221324957370758080e+00,5.146000000000000085e+01
1.220132789421081609e+00,5.131000000000000227e+01
1.220986195087432780e+00,5.139000000000000057e+01
1.220235480594634936e+00,5.136999999999999744e+01
1.218689086914062525e+00,5.136999999999999744e+01
1.218424780464172352e+00,5.146999999999999886e+01
1.223301423358917228e+00,5.142999999999999972e+01
1.214117177391052183e+00,5.145000000000000284e+01
1.216909922313690107e+00,5.142999999999999972e+01
1.221810813045501654e+00,5.142999999999999972e+01
1.220803316783904968e+00,5.149000000000000199e+01
1.221502420806884759e+00,5.147999999999999687e+01
1.212720317554473848e+00,5.146999999999999886e+01
1.217860185527801509e+00,5.149000000000000199e+01
1.216240466403961218e+00,5.147999999999999687e+01
