Loss,Accuracy
5.187904862976074227e+00,1.101999999999999957e+01
4.497755189514160534e+00,1.653000000000000114e+01
4.212427919387817354e+00,1.916000000000000014e+01
4.048335226058959790e+00,2.030999999999999872e+01
3.918841855239868277e+00,2.248999999999999844e+01
3.807666038894653493e+00,2.378000000000000114e+01
3.712830406570434505e+00,2.653000000000000114e+01
3.607983838653564312e+00,2.592000000000000171e+01
3.489053998565673886e+00,2.876000000000000156e+01
3.384397092437744003e+00,3.032000000000000028e+01
3.290683419418334754e+00,3.064999999999999858e+01
3.206442351913452171e+00,3.302000000000000313e+01
3.133140458297729580e+00,3.260000000000000142e+01
3.070420882415771491e+00,3.417000000000000171e+01
3.012839496612548906e+00,3.449000000000000199e+01
2.947563034057617326e+00,3.574000000000000199e+01
2.874446952819824208e+00,3.525999999999999801e+01
2.801656043624877857e+00,3.668999999999999773e+01
2.743105721282959042e+00,3.877000000000000313e+01
2.687065893936157135e+00,3.927000000000000313e+01
2.649323844909667880e+00,3.988000000000000256e+01
2.612628333282470905e+00,3.853000000000000114e+01
2.571351134490966750e+00,4.004999999999999716e+01
2.531663149261474732e+00,4.111999999999999744e+01
2.485810385894775543e+00,4.195000000000000284e+01
2.471116713905334272e+00,4.164000000000000057e+01
2.439454387283324976e+00,4.263000000000000256e+01
2.408388498878478945e+00,4.207000000000000028e+01
2.390171508598327499e+00,4.242999999999999972e+01
2.374027208137512002e+00,4.304999999999999716e+01
2.345070987129211471e+00,4.349000000000000199e+01
2.325828735542297299e+00,4.371000000000000085e+01
2.318629663467407287e+00,4.335000000000000142e+01
2.292829600334167495e+00,4.414000000000000057e+01
2.280952849006652627e+00,4.397999999999999687e+01
2.257913642120361164e+00,4.468999999999999773e+01
2.246823067855834744e+00,4.438000000000000256e+01
2.231154674911499214e+00,4.481000000000000227e+01
2.210572023391723651e+00,4.503999999999999915e+01
2.203957244110107627e+00,4.467999999999999972e+01
2.180908741760253733e+00,4.590999999999999659e+01
2.181626319885253906e+00,4.527000000000000313e+01
2.164206587982177687e+00,4.574000000000000199e+01
2.150320755386352367e+00,4.597999999999999687e+01
2.138555669212341304e+00,4.582999999999999829e+01
2.130822354125976759e+00,4.574000000000000199e+01
2.119665854454040321e+00,4.660000000000000142e+01
2.104196102142334102e+00,4.693999999999999773e+01
2.091457879257202279e+00,4.610999999999999943e+01
2.082773707962036092e+00,4.668999999999999773e+01
2.076267846488952795e+00,4.590999999999999659e+01
2.067386759757995573e+00,4.725000000000000000e+01
2.050526239776611526e+00,4.717999999999999972e+01
2.054419403076171768e+00,4.700999999999999801e+01
2.039994107055663974e+00,4.639999999999999858e+01
2.025462774658203013e+00,4.779999999999999716e+01
2.025140495109558181e+00,4.745000000000000284e+01
2.017197883224487232e+00,4.742000000000000171e+01
2.007800890350341927e+00,4.753999999999999915e+01
2.000528068923950187e+00,4.721999999999999886e+01
1.993076675796508823e+00,4.786999999999999744e+01
1.991366475677490255e+00,4.777000000000000313e+01
1.975513100433349711e+00,4.785999999999999943e+01
1.969167201995849714e+00,4.792999999999999972e+01
1.954190334510803151e+00,4.821000000000000085e+01
1.954034723091125469e+00,4.771000000000000085e+01
1.940232265281677249e+00,4.888000000000000256e+01
1.927547600936889705e+00,4.867000000000000171e+01
1.918920538139343268e+00,4.697999999999999687e+01
1.912053206253051751e+00,4.893999999999999773e+01
1.895765843009948659e+00,4.977000000000000313e+01
1.888287821960449309e+00,4.946000000000000085e+01
1.873204992103576716e+00,4.957999999999999829e+01
1.869130957794189474e+00,4.935999999999999943e+01
1.866464016914367585e+00,4.927000000000000313e+01
1.845028435134887790e+00,4.989000000000000057e+01
1.836793015098571846e+00,4.996000000000000085e+01
1.831806332397460935e+00,4.939999999999999858e+01
1.825846160507202054e+00,5.029999999999999716e+01
1.813580538940429587e+00,5.021000000000000085e+01
1.813106277847289949e+00,4.965999999999999659e+01
1.809693084907531668e+00,5.045000000000000284e+01
1.803737449455261155e+00,5.014000000000000057e+01
1.799966851997375494e+00,5.050000000000000000e+01
1.788045556831359795e+00,4.992000000000000171e+01
1.783159405899047867e+00,5.042000000000000171e+01
1.775096207809448323e+00,5.100999999999999801e+01
1.773725710487365825e+00,5.075000000000000000e+01
1.757199572944641019e+00,5.042999999999999972e+01
1.755990369606018175e+00,5.103000000000000114e+01
1.756121045494079658e+00,5.128000000000000114e+01
1.745654343414306586e+00,5.153000000000000114e+01
1.745761070060730002e+00,5.046999999999999886e+01
1.739607285690307537e+00,5.089000000000000057e+01
1.735555643653869717e+00,5.129999999999999716e+01
1.730738609313964949e+00,5.103999999999999915e+01
1.722454367065429759e+00,5.121999999999999886e+01
1.712060711669921798e+00,5.139000000000000057e+01
1.708423069763183699e+00,5.171000000000000085e+01
1.704498661231994561e+00,5.181000000000000227e+01
1.700738622093200592e+00,5.146000000000000085e+01
1.693148720550537112e+00,5.165999999999999659e+01
1.688269611358642619e+00,5.121999999999999886e+01
1.686173292350769071e+00,5.157999999999999829e+01
1.681654001426696743e+00,5.153000000000000114e+01
1.668365215492248588e+00,5.150000000000000000e+01
1.660210160446166983e+00,5.225000000000000000e+01
1.664186111068725493e+00,5.242999999999999972e+01
1.657807888412475616e+00,5.217999999999999972e+01
1.646251267433166410e+00,5.245000000000000284e+01
1.646835723876953095e+00,5.227000000000000313e+01
1.639446218490600682e+00,5.182000000000000028e+01
1.633953981781005815e+00,5.239000000000000057e+01
1.632216294765472364e+00,5.171999999999999886e+01
1.619424891853332493e+00,5.214000000000000057e+01
1.623416372108459571e+00,5.215999999999999659e+01
1.617395049667358364e+00,5.270000000000000284e+01
1.610782283973693829e+00,5.221000000000000085e+01
1.603807912445068373e+00,5.264999999999999858e+01
1.601150202178954984e+00,5.264999999999999858e+01
1.595108100891113212e+00,5.242999999999999972e+01
1.588644674301147530e+00,5.235000000000000142e+01
1.585415445899963416e+00,5.214999999999999858e+01
1.580612754249572705e+00,5.278000000000000114e+01
1.575426687049865659e+00,5.286999999999999744e+01
1.566753936004638748e+00,5.292000000000000171e+01
1.574663695907592809e+00,5.185000000000000142e+01
1.565433687782287642e+00,5.157999999999999829e+01
1.558789037704467750e+00,5.302000000000000313e+01
1.544939566993713376e+00,5.290999999999999659e+01
1.556084051322937034e+00,5.261999999999999744e+01
1.551745424461364653e+00,5.279999999999999716e+01
1.540334786796569766e+00,5.325999999999999801e+01
1.534269057846069373e+00,5.281000000000000227e+01
1.526880122184753441e+00,5.225000000000000000e+01
1.526169031143188581e+00,5.288000000000000256e+01
1.525315081787109284e+00,5.246000000000000085e+01
1.522462262344360440e+00,5.315999999999999659e+01
1.519675992965698219e+00,5.303000000000000114e+01
1.512781862926483090e+00,5.311999999999999744e+01
1.508535858345031677e+00,5.304999999999999716e+01
1.504470040893554739e+00,5.314999999999999858e+01
1.498857367515563865e+00,5.325000000000000000e+01
1.495890121841430664e+00,5.299000000000000199e+01
1.491809857940673778e+00,5.285999999999999943e+01
1.490863175201416091e+00,5.259000000000000341e+01
1.480496185302734302e+00,5.303999999999999915e+01
1.472800534820556617e+00,5.314999999999999858e+01
1.473242003631591857e+00,5.339999999999999858e+01
1.467482590484619154e+00,5.331000000000000227e+01
1.467477295494079570e+00,5.381000000000000227e+01
1.464167407417297451e+00,5.382999999999999829e+01
1.460043947982788026e+00,5.313000000000000256e+01
1.458836800956726076e+00,5.315999999999999659e+01
1.448893833160400435e+00,5.393999999999999773e+01
1.449149768638610780e+00,5.317000000000000171e+01
1.444573362731933486e+00,5.343999999999999773e+01
1.432663055992126511e+00,5.321999999999999886e+01
1.431834341335296523e+00,5.397999999999999687e+01
1.430860348701477047e+00,5.375999999999999801e+01
1.423424757194519108e+00,5.332999999999999829e+01
1.421583071517944274e+00,5.388000000000000256e+01
1.411438606834411580e+00,5.388000000000000256e+01
1.412466085815429651e+00,5.381000000000000227e+01
1.410151963043212886e+00,5.339999999999999858e+01
1.401360424804687588e+00,5.353000000000000114e+01
1.401079606151580892e+00,5.346999999999999886e+01
1.398695095825195356e+00,5.417999999999999972e+01
1.396345101165771485e+00,5.404999999999999716e+01
1.386393155479431094e+00,5.335000000000000142e+01
1.387195970916748067e+00,5.382000000000000028e+01
1.381104483032226549e+00,5.332000000000000028e+01
1.381191377830505385e+00,5.390999999999999659e+01
1.371020291996002172e+00,5.389000000000000057e+01
1.365266058635711710e+00,5.414999999999999858e+01
1.365864774227142364e+00,5.417999999999999972e+01
1.360256317710876406e+00,5.439000000000000057e+01
1.360936852550506559e+00,5.396000000000000085e+01
1.352520509338378973e+00,5.385999999999999943e+01
1.347533279228210423e+00,5.406000000000000227e+01
1.349474205493927048e+00,5.407999999999999829e+01
1.341125634193420346e+00,5.404999999999999716e+01
1.336554596710205045e+00,5.425000000000000000e+01
1.334092973518371528e+00,5.410999999999999943e+01
1.335021807384491055e+00,5.440999999999999659e+01
1.324944989967346221e+00,5.420000000000000284e+01
1.321218422508239732e+00,5.417000000000000171e+01
1.319879272842407136e+00,5.459000000000000341e+01
1.316889044189453184e+00,5.413000000000000256e+01
1.315298362255096443e+00,5.446999999999999886e+01
1.306989923381805419e+00,5.449000000000000199e+01
1.305593206024169950e+00,5.417000000000000171e+01
1.304043546199798564e+00,5.421999999999999886e+01
1.299402114200592040e+00,5.463000000000000256e+01
1.294985657119750888e+00,5.517000000000000171e+01
1.295114476299285888e+00,5.465999999999999659e+01
1.286704283618927080e+00,5.440999999999999659e+01
1.287547524356841944e+00,5.403000000000000114e+01
1.280466453838348340e+00,5.467999999999999972e+01
1.279947155666351311e+00,5.439999999999999858e+01
1.278917189598083537e+00,5.489999999999999858e+01
1.268335953998565691e+00,5.479999999999999716e+01
1.267702840709686196e+00,5.492000000000000171e+01
1.265696870803832974e+00,5.464000000000000057e+01
1.262514958858490077e+00,5.460000000000000142e+01
1.257953187274932771e+00,5.496000000000000085e+01
1.254852416801452542e+00,5.467000000000000171e+01
1.252975236606597820e+00,5.442999999999999972e+01
1.251986183834076005e+00,5.489000000000000057e+01
1.245614768409728956e+00,5.500999999999999801e+01
1.240567434787750223e+00,5.495000000000000284e+01
1.240379974746704139e+00,5.475000000000000000e+01
1.235807051277160618e+00,5.492999999999999972e+01
1.235515615081787200e+00,5.475999999999999801e+01
1.236351448345184290e+00,5.474000000000000199e+01
1.227625866413116551e+00,5.478000000000000114e+01
1.220395311737060506e+00,5.492000000000000171e+01
1.223264825820922885e+00,5.450999999999999801e+01
1.221603151035308921e+00,5.478000000000000114e+01
1.217873772621154815e+00,5.478000000000000114e+01
1.213888052463531597e+00,5.475999999999999801e+01
1.210256940841674789e+00,5.502000000000000313e+01
1.206964703178405651e+00,5.471999999999999886e+01
1.206130232143402203e+00,5.484000000000000341e+01
1.201300599098205524e+00,5.493999999999999773e+01
1.198769530296325714e+00,5.528000000000000114e+01
1.195593156433105486e+00,5.485000000000000142e+01
1.196012693691253626e+00,5.525000000000000000e+01
1.189863043689727728e+00,5.513000000000000256e+01
1.187948628139495755e+00,5.507000000000000028e+01
1.187966984748840327e+00,5.506000000000000227e+01
1.182697729206085180e+00,5.495000000000000284e+01
1.180992540550231951e+00,5.532000000000000028e+01
1.179893547439575086e+00,5.510000000000000142e+01
1.177622023200988854e+00,5.517000000000000171e+01
1.171332891368865869e+00,5.496000000000000085e+01
1.171583225631713798e+00,5.521999999999999886e+01
1.166636494827270498e+00,5.525999999999999801e+01
1.168724728107452426e+00,5.540999999999999659e+01
1.163543309879302878e+00,5.517999999999999972e+01
1.158589479351043616e+00,5.495000000000000284e+01
1.159869325637817417e+00,5.515999999999999659e+01
1.158853265285491929e+00,5.522999999999999687e+01
1.155887407398223932e+00,5.514999999999999858e+01
1.156663373661041216e+00,5.524000000000000199e+01
1.150144969940185558e+00,5.532000000000000028e+01
1.150033559226989688e+00,5.521000000000000085e+01
1.145783598232269274e+00,5.515999999999999659e+01
1.148792216873169014e+00,5.542999999999999972e+01
1.140770277309417713e+00,5.517000000000000171e+01
1.135109441184997570e+00,5.528999999999999915e+01
1.136741805648803672e+00,5.532000000000000028e+01
1.136775152492523144e+00,5.527000000000000313e+01
1.133207602500915456e+00,5.522999999999999687e+01
1.133196800518035952e+00,5.546000000000000085e+01
1.131076932239532429e+00,5.514000000000000057e+01
1.126059400463104154e+00,5.522999999999999687e+01
1.127330393028259214e+00,5.527000000000000313e+01
1.123675183963775526e+00,5.525000000000000000e+01
1.124286765956878709e+00,5.522999999999999687e+01
1.119482062339782757e+00,5.532999999999999829e+01
1.123095908832550061e+00,5.535999999999999943e+01
1.119217894649505718e+00,5.529999999999999716e+01
1.115880726337432849e+00,5.528000000000000114e+01
1.115421228599548398e+00,5.527000000000000313e+01
1.112375626564025888e+00,5.527000000000000313e+01
1.114243722724914454e+00,5.538000000000000256e+01
1.111791908168792808e+00,5.525999999999999801e+01
1.103619357109069776e+00,5.540999999999999659e+01
1.104583877563476646e+00,5.542999999999999972e+01
1.104650810718536436e+00,5.545000000000000284e+01
1.106597524356841999e+00,5.536999999999999744e+01
1.104064637088775669e+00,5.540999999999999659e+01
1.099601842403411966e+00,5.538000000000000256e+01
1.102242986011505055e+00,5.554999999999999716e+01
1.099347302818298289e+00,5.556000000000000227e+01
1.102277087974548264e+00,5.567000000000000171e+01
1.097884648227691606e+00,5.550999999999999801e+01
1.095347782611846954e+00,5.547999999999999687e+01
1.093453104209899829e+00,5.564000000000000057e+01
1.096544300937652539e+00,5.546999999999999886e+01
1.095590023899078336e+00,5.542000000000000171e+01
1.092245102882385188e+00,5.568999999999999773e+01
1.092897985267639260e+00,5.542999999999999972e+01
1.093740060138702397e+00,5.546999999999999886e+01
1.092157783889770473e+00,5.539000000000000057e+01
1.091115761566162190e+00,5.532999999999999829e+01
1.092010153293609509e+00,5.557999999999999829e+01
1.090968295478820904e+00,5.535000000000000142e+01
1.091335996532440289e+00,5.560000000000000142e+01
1.089909745883941738e+00,5.539999999999999858e+01
1.089470708179473890e+00,5.559000000000000341e+01
1.084897651290893661e+00,5.547999999999999687e+01
1.088019803047180156e+00,5.540999999999999659e+01
1.086126559448242102e+00,5.540999999999999659e+01
1.087078602027893082e+00,5.550000000000000000e+01
1.089228050899505584e+00,5.549000000000000199e+01
1.087424793720245253e+00,5.549000000000000199e+01
1.087667738819122265e+00,5.550000000000000000e+01
1.085731431388855084e+00,5.549000000000000199e+01
