Loss,Accuracy
3.496587650680541781e+00,1.019999999999999929e+01
3.070210692214965675e+00,1.491999999999999993e+01
2.883637531280517585e+00,1.866000000000000014e+01
2.767217450332641437e+00,2.041000000000000014e+01
2.682133976745605608e+00,2.230999999999999872e+01
2.614329299926757777e+00,2.407999999999999829e+01
2.554499033737182678e+00,2.460000000000000142e+01
2.497664136123657119e+00,2.557999999999999829e+01
2.445604125595092881e+00,2.657000000000000028e+01
2.412759375762939307e+00,2.830999999999999872e+01
2.371812160873413067e+00,2.855999999999999872e+01
2.333419251060485866e+00,2.823000000000000043e+01
2.296066784095764035e+00,3.025000000000000000e+01
2.250461053466796812e+00,3.091000000000000014e+01
2.206989427947998017e+00,3.253999999999999915e+01
2.166681269645690744e+00,3.320000000000000284e+01
2.126650277900695940e+00,3.289999999999999858e+01
2.094512236595153620e+00,3.459000000000000341e+01
2.063522414588928378e+00,3.539000000000000057e+01
2.033464521217346110e+00,3.611999999999999744e+01
2.003067718696594390e+00,3.525000000000000000e+01
1.974600728607177835e+00,3.639999999999999858e+01
1.957809070396423268e+00,3.671000000000000085e+01
1.933552723503112691e+00,3.721000000000000085e+01
1.918186118316650424e+00,3.788000000000000256e+01
1.900294604682922328e+00,3.734000000000000341e+01
1.887115783309936567e+00,3.836999999999999744e+01
1.868699420547485390e+00,3.895000000000000284e+01
1.857136221504211315e+00,3.847999999999999687e+01
1.845886312675476093e+00,3.920000000000000284e+01
1.833696026611328023e+00,3.953999999999999915e+01
1.819387736511230536e+00,3.928000000000000114e+01
1.808176604843139579e+00,3.974000000000000199e+01
1.802081872558593645e+00,3.965999999999999659e+01
1.789512224960327247e+00,4.017000000000000171e+01
1.784721871185302788e+00,3.992000000000000171e+01
1.771296409034728958e+00,4.164000000000000057e+01
1.762864003562927273e+00,4.103999999999999915e+01
1.745003271865844807e+00,4.115999999999999659e+01
1.733495551872253460e+00,4.199000000000000199e+01
1.719641364479064904e+00,4.199000000000000199e+01
1.714675644874572802e+00,4.217999999999999972e+01
1.702647408103942883e+00,4.260999999999999943e+01
1.690318988800048938e+00,4.293999999999999773e+01
1.682338143920898421e+00,4.235999999999999943e+01
1.679476861190795978e+00,4.164999999999999858e+01
1.668154183578491212e+00,4.314000000000000057e+01
1.661010155868530180e+00,4.243999999999999773e+01
1.651970204925537145e+00,4.304999999999999716e+01
1.647458610534668022e+00,4.272999999999999687e+01
1.642563884544372632e+00,4.320000000000000284e+01
1.631289154434204081e+00,4.296999999999999886e+01
1.623722190284728972e+00,4.368999999999999773e+01
1.615206294250488339e+00,4.221999999999999886e+01
1.599448169136047371e+00,4.449000000000000199e+01
1.595185528182983425e+00,4.460000000000000142e+01
1.587724031066894526e+00,4.529999999999999716e+01
1.577851813507080037e+00,4.439999999999999858e+01
1.572784059333801165e+00,4.509000000000000341e+01
1.562955662536620993e+00,4.574000000000000199e+01
1.553816483688354566e+00,4.507000000000000028e+01
1.550655822753906232e+00,4.531000000000000227e+01
1.537760550498962431e+00,4.528999999999999915e+01
1.531870199584960845e+00,4.567000000000000171e+01
1.519483476638793906e+00,4.628000000000000114e+01
1.517349943351745667e+00,4.521999999999999886e+01
1.510096170234680235e+00,4.568999999999999773e+01
1.506688972282409722e+00,4.596000000000000085e+01
1.499027674293518020e+00,4.602000000000000313e+01
1.496031425285339278e+00,4.685999999999999943e+01
1.495333432197570867e+00,4.643999999999999773e+01
1.481958185958862195e+00,4.667999999999999972e+01
1.475439551162719631e+00,4.635999999999999943e+01
1.470446699905395560e+00,4.579999999999999716e+01
1.472663551330566367e+00,4.699000000000000199e+01
1.467420026969909586e+00,4.714999999999999858e+01
1.456937955284118624e+00,4.729999999999999716e+01
1.452224286937713549e+00,4.718999999999999773e+01
1.453028183555602926e+00,4.689000000000000057e+01
1.448137027549743605e+00,4.640999999999999659e+01
1.442770046234130854e+00,4.739000000000000057e+01
1.441105371475219776e+00,4.749000000000000199e+01
1.435127340698242104e+00,4.754999999999999716e+01
1.430163649940490833e+00,4.665999999999999659e+01
1.425996667289733955e+00,4.767000000000000171e+01
1.417195147895812912e+00,4.810000000000000142e+01
1.420122234821319607e+00,4.765999999999999659e+01
1.411641453456878637e+00,4.684000000000000341e+01
1.411476083183288655e+00,4.767000000000000171e+01
1.410133435153961168e+00,4.760000000000000142e+01
1.406696000003814673e+00,4.695000000000000284e+01
1.399687349605560405e+00,4.781000000000000227e+01
1.398966810131073046e+00,4.778999999999999915e+01
1.389912232494354249e+00,4.792000000000000171e+01
1.388671228408813407e+00,4.779999999999999716e+01
1.383625304317474436e+00,4.727000000000000313e+01
1.381679447937011807e+00,4.849000000000000199e+01
1.380180400657653905e+00,4.827000000000000313e+01
1.373983472728729227e+00,4.807000000000000028e+01
1.375004616737365737e+00,4.836999999999999744e+01
1.366466535949707017e+00,4.878999999999999915e+01
1.363806025314331150e+00,4.810000000000000142e+01
1.361995425319671549e+00,4.834000000000000341e+01
1.358991053676605221e+00,4.860999999999999943e+01
1.359072843647003204e+00,4.871999999999999886e+01
1.348565347480773946e+00,4.847999999999999687e+01
1.347575829029083350e+00,4.911999999999999744e+01
1.347841703987121553e+00,4.746000000000000085e+01
1.341480322265625080e+00,4.918999999999999773e+01
1.340949717903137106e+00,4.952000000000000313e+01
1.333686406898498600e+00,4.960000000000000142e+01
1.336054767894744977e+00,4.903000000000000114e+01
1.332553337955474815e+00,4.942000000000000171e+01
1.323170954418182443e+00,4.917000000000000171e+01
1.317624760627746472e+00,4.920000000000000284e+01
1.319556299114227338e+00,4.879999999999999716e+01
1.317607927894592246e+00,4.889000000000000057e+01
1.312744529438018892e+00,4.936999999999999744e+01
1.306676617908477889e+00,4.877000000000000313e+01
1.307119020080566463e+00,4.982999999999999829e+01
1.299677475643157942e+00,4.992000000000000171e+01
1.305538346862793020e+00,4.945000000000000284e+01
1.296414614391326880e+00,4.935000000000000142e+01
1.292980450725555341e+00,4.935999999999999943e+01
1.291814832973480209e+00,4.935999999999999943e+01
1.283350764083862394e+00,4.932999999999999829e+01
1.283113379669189369e+00,4.917999999999999972e+01
1.281792997646331811e+00,4.986999999999999744e+01
1.276879285621643101e+00,4.902000000000000313e+01
1.273845013236999613e+00,4.971999999999999886e+01
1.272484540653228802e+00,5.025000000000000000e+01
1.267249733257293620e+00,5.007999999999999829e+01
1.263423232936859097e+00,4.920000000000000284e+01
1.257989527130126906e+00,4.934000000000000341e+01
1.259057440471649247e+00,4.968999999999999773e+01
1.253656637954711828e+00,5.014999999999999858e+01
1.252342951107025204e+00,4.924000000000000199e+01
1.250118277740478456e+00,4.971999999999999886e+01
1.244606081199645997e+00,4.895000000000000284e+01
1.244643217086792042e+00,4.989000000000000057e+01
1.239810179328918460e+00,5.052000000000000313e+01
1.234677491664886384e+00,4.945000000000000284e+01
1.233730115985870457e+00,4.993999999999999773e+01
1.230116454601287934e+00,4.986999999999999744e+01
1.226675052642822283e+00,4.927000000000000313e+01
1.224711112213134667e+00,4.985000000000000142e+01
1.219096987819671574e+00,4.992000000000000171e+01
1.217303021907806482e+00,5.020000000000000284e+01
1.214223140335082940e+00,5.031000000000000227e+01
1.210951114177703847e+00,4.985999999999999943e+01
1.210830326271057134e+00,5.015999999999999659e+01
1.205129472351074149e+00,5.074000000000000199e+01
1.203576392936706485e+00,4.981000000000000227e+01
1.198007997894287024e+00,5.011999999999999744e+01
1.191739711666107260e+00,4.968999999999999773e+01
1.191002987384796041e+00,5.077000000000000313e+01
1.187785478782653836e+00,5.025999999999999801e+01
1.185035031986236609e+00,5.021000000000000085e+01
1.182225956249236987e+00,5.010000000000000142e+01
1.182201387119293123e+00,5.081000000000000227e+01
1.177274247550964326e+00,5.014000000000000057e+01
1.173945264720916759e+00,5.025000000000000000e+01
1.175047257900238007e+00,5.022999999999999687e+01
1.165325188350677443e+00,5.125000000000000000e+01
1.157076474475860595e+00,5.053999999999999915e+01
1.160852077102661140e+00,5.054999999999999716e+01
1.165997550201415933e+00,5.092999999999999972e+01
1.159978962135314928e+00,5.029999999999999716e+01
1.152207608127594041e+00,5.085999999999999943e+01
1.146484702491760155e+00,5.057000000000000028e+01
1.147819009304046567e+00,5.039000000000000057e+01
1.144069937419891270e+00,5.093999999999999773e+01
1.139498768901824999e+00,5.025999999999999801e+01
1.138033847904205365e+00,5.096999999999999886e+01
1.133671320247650049e+00,5.046999999999999886e+01
1.132677174377441309e+00,5.102000000000000313e+01
1.128240148162841905e+00,5.099000000000000199e+01
1.128901153755188069e+00,5.065999999999999659e+01
1.125162358665466211e+00,5.100999999999999801e+01
1.118762716674804647e+00,5.146999999999999886e+01
1.115238240432739225e+00,5.140999999999999659e+01
1.109939175224304186e+00,5.096000000000000085e+01
1.113684422492980941e+00,5.174000000000000199e+01
1.104522054195403946e+00,5.134000000000000341e+01
1.102014938449859649e+00,5.150000000000000000e+01
1.101145185184478681e+00,5.111999999999999744e+01
1.103054908847808768e+00,5.085000000000000142e+01
1.098267716693878127e+00,5.178000000000000114e+01
1.087148988628387380e+00,5.089999999999999858e+01
1.088452740192413337e+00,5.142999999999999972e+01
1.085941045284271267e+00,5.132999999999999829e+01
1.082362566661834613e+00,5.192000000000000171e+01
1.076560240459442097e+00,5.113000000000000256e+01
1.077687309265136673e+00,5.175999999999999801e+01
1.072665922451019327e+00,5.167999999999999972e+01
1.070995463466644315e+00,5.179999999999999716e+01
1.070455903434753386e+00,5.138000000000000256e+01
1.067155099773406945e+00,5.174000000000000199e+01
1.067610013580322370e+00,5.115999999999999659e+01
1.058274533748626789e+00,5.192000000000000171e+01
1.058668087482452336e+00,5.147999999999999687e+01
1.052171481037139866e+00,5.150999999999999801e+01
1.058589078998565691e+00,5.110999999999999943e+01
1.048493167877197374e+00,5.200000000000000000e+01
1.050422548770904463e+00,5.152000000000000313e+01
1.048034219551086332e+00,5.186999999999999744e+01
1.035796676826477025e+00,5.171000000000000085e+01
1.039829458332061751e+00,5.192999999999999972e+01
1.038713717460632235e+00,5.161999999999999744e+01
1.033138795089721729e+00,5.161999999999999744e+01
1.033232162284851041e+00,5.192999999999999972e+01
1.026639247798919685e+00,5.207000000000000028e+01
1.024825026130676164e+00,5.218999999999999773e+01
1.025255590152740481e+00,5.203999999999999915e+01
1.020852356719970766e+00,5.174000000000000199e+01
1.019067903137206965e+00,5.232000000000000028e+01
1.016086370372772274e+00,5.200999999999999801e+01
1.010751802444457947e+00,5.154999999999999716e+01
1.006392707920074514e+00,5.192999999999999972e+01
1.007775879001617358e+00,5.200000000000000000e+01
1.004861796092987092e+00,5.229999999999999716e+01
1.000985196113586495e+00,5.196000000000000085e+01
9.975757822990417578e-01,5.218999999999999773e+01
9.947513494491576624e-01,5.225999999999999801e+01
9.946761214256286676e-01,5.260000000000000142e+01
9.889234575271605987e-01,5.263000000000000256e+01
9.896802044868469039e-01,5.192000000000000171e+01
9.865223595619201369e-01,5.190999999999999659e+01
9.840285468101501731e-01,5.175999999999999801e+01
9.863930918693541994e-01,5.164999999999999858e+01
9.779120511054992804e-01,5.224000000000000199e+01
9.775748092651367349e-01,5.228000000000000114e+01
9.736487759590148894e-01,5.231000000000000227e+01
9.731417282104491973e-01,5.203999999999999915e+01
9.704103623390197830e-01,5.224000000000000199e+01
9.633183314323425783e-01,5.203000000000000114e+01
9.664481175422668935e-01,5.242000000000000171e+01
9.599609530448913741e-01,5.193999999999999773e+01
9.645309785842896000e-01,5.225999999999999801e+01
9.597022526741028070e-01,5.190999999999999659e+01
9.576624694824218409e-01,5.235000000000000142e+01
9.512674856185913130e-01,5.242999999999999972e+01
9.543095030784607413e-01,5.232999999999999829e+01
9.494052050590514602e-01,5.221999999999999886e+01
9.453146408081054552e-01,5.246000000000000085e+01
9.430947329521178757e-01,5.232999999999999829e+01
9.427375785827636356e-01,5.228999999999999915e+01
9.418541570663452323e-01,5.214999999999999858e+01
9.391408277511597014e-01,5.217000000000000171e+01
9.330621662139892969e-01,5.204999999999999716e+01
9.335520566940307408e-01,5.220000000000000284e+01
9.374052617073058702e-01,5.227000000000000313e+01
9.324763769149779780e-01,5.234000000000000341e+01
9.314746024131774771e-01,5.225999999999999801e+01
9.285390475273131994e-01,5.224000000000000199e+01
9.256311539649962894e-01,5.239000000000000057e+01
9.239991738319397463e-01,5.246000000000000085e+01
9.231319466590881540e-01,5.239999999999999858e+01
9.183111887931824091e-01,5.221000000000000085e+01
9.238983335494994620e-01,5.225000000000000000e+01
9.180809092521667880e-01,5.256000000000000227e+01
9.167344458580016786e-01,5.242999999999999972e+01
9.135228050231933850e-01,5.213000000000000256e+01
9.133241506576538216e-01,5.253999999999999915e+01
9.139133431434631749e-01,5.228999999999999915e+01
9.102465731620789091e-01,5.261999999999999744e+01
9.094728072166442523e-01,5.234000000000000341e+01
9.066328743934631840e-01,5.224000000000000199e+01
9.026014835357666355e-01,5.246999999999999886e+01
9.067154448509215925e-01,5.210000000000000142e+01
9.078879632949828915e-01,5.224000000000000199e+01
9.004202326774597420e-01,5.247999999999999687e+01
9.030654486656188862e-01,5.224000000000000199e+01
9.026517505645752504e-01,5.225000000000000000e+01
8.987786649703979336e-01,5.239000000000000057e+01
8.988276748657226811e-01,5.242000000000000171e+01
8.991932964324951261e-01,5.245000000000000284e+01
8.968029058456420399e-01,5.235999999999999943e+01
8.942277085304259909e-01,5.250000000000000000e+01
8.920573164939880062e-01,5.247999999999999687e+01
8.959820716857910261e-01,5.259000000000000341e+01
8.926882320404052606e-01,5.246999999999999886e+01
8.911021460533141703e-01,5.239999999999999858e+01
8.922437829971313628e-01,5.246000000000000085e+01
8.974247776985168068e-01,5.253999999999999915e+01
8.916182581901550552e-01,5.264999999999999858e+01
8.888185588836670092e-01,5.250999999999999801e+01
8.889342505455016807e-01,5.254999999999999716e+01
8.895377353668212361e-01,5.246000000000000085e+01
8.908163058280944568e-01,5.253000000000000114e+01
8.870445364952087575e-01,5.261999999999999744e+01
8.879516757011413075e-01,5.260999999999999943e+01
8.866511275291443228e-01,5.247999999999999687e+01
8.875758318901062482e-01,5.254999999999999716e+01
8.861410244941710923e-01,5.257999999999999829e+01
8.919288644790649423e-01,5.257000000000000028e+01
8.850125452995299957e-01,5.263000000000000256e+01
8.893528492927551543e-01,5.261999999999999744e+01
8.879062589645385639e-01,5.264999999999999858e+01
8.917712865829467983e-01,5.263000000000000256e+01
