Loss,Accuracy
4.236657904052734125e+00,7.370000000000000107e+00
3.792777727890014550e+00,1.344999999999999929e+01
3.580284009933471623e+00,1.685000000000000142e+01
3.451656573867798006e+00,1.953000000000000114e+01
3.346288101577758578e+00,2.028000000000000114e+01
3.267432578277587929e+00,2.087999999999999901e+01
3.208982073211669839e+00,2.200000000000000000e+01
3.157318161773681631e+00,2.367999999999999972e+01
3.108490660476684653e+00,2.414000000000000057e+01
3.055748812866211139e+00,2.621000000000000085e+01
3.012582212829590045e+00,2.566000000000000014e+01
2.967530738449096539e+00,2.744000000000000128e+01
2.932591693115234488e+00,2.789000000000000057e+01
2.887395875930786282e+00,2.817999999999999972e+01
2.858938891220092593e+00,2.867999999999999972e+01
2.822825439453124918e+00,2.873000000000000043e+01
2.801757455825805820e+00,2.905999999999999872e+01
2.773916856384277541e+00,3.105000000000000071e+01
2.745435299301147491e+00,3.073999999999999844e+01
2.720060178756714020e+00,3.123000000000000043e+01
2.698809209060669012e+00,3.167999999999999972e+01
2.680632756805419792e+00,3.253000000000000114e+01
2.662316118621826266e+00,3.214000000000000057e+01
2.643624778747558413e+00,3.228000000000000114e+01
2.629102565002441327e+00,3.221999999999999886e+01
2.602920270538330083e+00,3.357999999999999829e+01
2.588671524047851502e+00,3.198000000000000043e+01
2.567928717231750646e+00,3.371000000000000085e+01
2.552158116531372034e+00,3.436999999999999744e+01
2.534146114540100303e+00,3.418999999999999773e+01
2.516468398475646850e+00,3.417999999999999972e+01
2.491802993202209660e+00,3.510999999999999943e+01
2.472106323051452836e+00,3.511999999999999744e+01
2.455482199859619019e+00,3.527000000000000313e+01
2.439505341148376250e+00,3.604999999999999716e+01
2.414594608116150010e+00,3.696000000000000085e+01
2.399928987884521359e+00,3.674000000000000199e+01
2.378294852066039855e+00,3.659000000000000341e+01
2.361185705757141040e+00,3.563000000000000256e+01
2.345158178901672219e+00,3.682000000000000028e+01
2.323851851081847997e+00,3.835000000000000142e+01
2.312197124290466199e+00,3.832000000000000028e+01
2.294140871429443340e+00,3.829999999999999716e+01
2.284581078720092862e+00,3.807999999999999829e+01
2.271449428939819271e+00,3.886999999999999744e+01
2.250241001701354993e+00,3.918999999999999773e+01
2.247617032814025695e+00,3.897999999999999687e+01
2.224786855506896810e+00,3.846999999999999886e+01
2.214387843894958685e+00,3.978999999999999915e+01
2.206148052787780589e+00,4.013000000000000256e+01
2.189897241973877140e+00,3.996000000000000085e+01
2.177513891601562612e+00,4.022999999999999687e+01
2.167121133422851731e+00,4.053000000000000114e+01
2.150039070701599275e+00,4.034000000000000341e+01
2.146726119804382105e+00,4.042000000000000171e+01
2.133477849960327077e+00,4.092000000000000171e+01
2.127345561599731649e+00,3.996000000000000085e+01
2.116518551635742096e+00,4.159000000000000341e+01
2.112033198356628283e+00,4.153000000000000114e+01
2.099815432357788225e+00,4.121000000000000085e+01
2.089315780258178545e+00,4.138000000000000256e+01
2.082584538841247390e+00,4.215999999999999659e+01
2.068252281761169264e+00,4.139999999999999858e+01
2.058033004951477007e+00,4.174000000000000199e+01
2.052761661148071237e+00,4.192000000000000171e+01
2.047604457473755080e+00,4.257999999999999829e+01
2.038001981544494523e+00,4.242999999999999972e+01
2.027137261772155696e+00,4.249000000000000199e+01
2.021813892555236691e+00,4.296000000000000085e+01
2.017499157524108799e+00,4.321999999999999886e+01
2.006200577545166119e+00,4.335999999999999943e+01
1.996715772247314558e+00,4.300000000000000000e+01
1.989813801193237364e+00,4.346000000000000085e+01
1.985068036270141612e+00,4.324000000000000199e+01
1.981394946479797303e+00,4.350000000000000000e+01
1.973160301399230931e+00,4.382000000000000028e+01
1.970859208869934154e+00,4.360999999999999943e+01
1.963861872863769564e+00,4.321999999999999886e+01
1.950521084403991745e+00,4.385000000000000142e+01
1.953982981491088955e+00,4.450999999999999801e+01
1.938761321640014579e+00,4.342999999999999972e+01
1.933677353858947789e+00,4.377000000000000313e+01
1.923669726943969760e+00,4.397999999999999687e+01
1.926037304496765135e+00,4.413000000000000256e+01
1.918995863342285224e+00,4.403999999999999915e+01
1.904694055938720654e+00,4.435999999999999943e+01
1.899671553421020453e+00,4.479999999999999716e+01
1.899085262870788604e+00,4.389999999999999858e+01
1.894509480476379348e+00,4.482999999999999829e+01
1.883456851959228517e+00,4.385999999999999943e+01
1.881358925628662027e+00,4.452000000000000313e+01
1.872644747543334987e+00,4.546999999999999886e+01
1.869882440567016690e+00,4.477000000000000313e+01
1.858149887847900361e+00,4.500000000000000000e+01
1.856764771652221757e+00,4.571000000000000085e+01
1.840272653770446798e+00,4.527000000000000313e+01
1.836383405494689924e+00,4.585000000000000142e+01
1.832516176986694445e+00,4.522999999999999687e+01
1.824076046371460036e+00,4.596999999999999886e+01
1.820402329444885225e+00,4.578999999999999915e+01
1.817325005912780789e+00,4.574000000000000199e+01
1.806466547203063877e+00,4.588000000000000256e+01
1.796783627891540558e+00,4.600999999999999801e+01
1.796792349624633855e+00,4.607000000000000028e+01
1.792684169769287017e+00,4.695000000000000284e+01
1.785389048385620070e+00,4.604999999999999716e+01
1.777439704322814951e+00,4.707999999999999829e+01
1.770870188140869050e+00,4.554999999999999716e+01
1.764183418846130280e+00,4.578999999999999915e+01
1.757464753913879463e+00,4.614999999999999858e+01
1.754695169067382876e+00,4.646000000000000085e+01
1.749555345153808616e+00,4.714999999999999858e+01
1.743210961914062551e+00,4.700000000000000000e+01
1.733665126228332465e+00,4.685999999999999943e+01
1.729138124656677267e+00,4.685999999999999943e+01
1.725303182983398465e+00,4.677000000000000313e+01
1.712277712059020907e+00,4.775999999999999801e+01
1.707707833099365136e+00,4.747999999999999687e+01
1.702123088836669851e+00,4.732000000000000028e+01
1.698911521720886331e+00,4.750999999999999801e+01
1.695370287895202610e+00,4.721999999999999886e+01
1.687965772056579494e+00,4.692000000000000171e+01
1.686088091278076240e+00,4.685999999999999943e+01
1.679054120635986358e+00,4.702000000000000313e+01
1.671314513206481944e+00,4.757999999999999829e+01
1.667152507400512684e+00,4.750000000000000000e+01
1.665770606040954505e+00,4.768999999999999773e+01
1.648415601158142119e+00,4.796999999999999886e+01
1.653578706932067766e+00,4.767999999999999972e+01
1.649776454162597661e+00,4.782000000000000028e+01
1.647048469924926817e+00,4.767999999999999972e+01
1.640285963439941375e+00,4.740999999999999659e+01
1.639467160415649438e+00,4.842000000000000171e+01
1.631943523216247582e+00,4.821999999999999886e+01
1.626144086265564059e+00,4.784000000000000341e+01
1.621955600929260166e+00,4.817999999999999972e+01
1.618300842285156360e+00,4.807999999999999829e+01
1.606374520683288676e+00,4.850999999999999801e+01
1.606456328773498532e+00,4.768999999999999773e+01
1.605083641624450719e+00,4.846000000000000085e+01
1.593798921966552706e+00,4.822999999999999687e+01
1.593457328414916940e+00,4.818999999999999773e+01
1.590578950500488364e+00,4.800999999999999801e+01
1.596062001800537145e+00,4.890999999999999659e+01
1.583411216926574605e+00,4.807999999999999829e+01
1.579394594764709447e+00,4.835000000000000142e+01
1.572523961067199716e+00,4.846999999999999886e+01
1.571886892986297690e+00,4.860999999999999943e+01
1.574162065696716351e+00,4.850000000000000000e+01
1.565982874488830667e+00,4.853000000000000114e+01
1.553986163902282724e+00,4.835000000000000142e+01
1.552630903434753407e+00,4.874000000000000199e+01
1.548788985061645418e+00,4.864000000000000057e+01
1.547219866371154717e+00,4.860999999999999943e+01
1.539707945442199799e+00,4.874000000000000199e+01
1.542209234809875484e+00,4.843999999999999773e+01
1.541941506195068312e+00,4.902000000000000313e+01
1.529758627319335984e+00,4.864999999999999858e+01
1.533228651428222733e+00,4.881000000000000227e+01
1.521771715164184524e+00,4.900999999999999801e+01
1.516974389457702577e+00,4.936999999999999744e+01
1.520664649963378912e+00,4.903999999999999915e+01
1.510869130229949953e+00,4.945000000000000284e+01
1.506618197441101037e+00,4.877000000000000313e+01
1.504932515907287494e+00,4.904999999999999716e+01
1.502842962646484315e+00,4.896000000000000085e+01
1.491670255756378127e+00,4.906000000000000227e+01
1.486142280769348067e+00,4.977000000000000313e+01
1.488632009506225540e+00,4.890999999999999659e+01
1.477673114967346102e+00,4.899000000000000199e+01
1.474992589187622105e+00,4.936999999999999744e+01
1.471356404876708934e+00,4.899000000000000199e+01
1.468766834640502950e+00,4.992000000000000171e+01
1.456108777141571053e+00,4.965999999999999659e+01
1.461187058734893851e+00,5.004999999999999716e+01
1.455263683509826711e+00,4.978000000000000114e+01
1.445440040016174210e+00,4.963000000000000256e+01
1.445906370925903239e+00,4.971000000000000085e+01
1.437186310672760037e+00,4.996999999999999886e+01
1.435311512279510593e+00,5.010999999999999943e+01
1.435253159427642755e+00,4.984000000000000341e+01
1.426670758152008167e+00,4.946999999999999886e+01
1.430147425365448033e+00,4.996999999999999886e+01
1.420006175994872999e+00,4.943999999999999773e+01
1.412542187595367427e+00,4.964999999999999858e+01
1.410975043106079019e+00,4.975999999999999801e+01
1.407351211452484208e+00,4.985000000000000142e+01
1.401314803791046115e+00,5.003000000000000114e+01
1.396383187294006456e+00,5.003999999999999915e+01
1.393865660953521823e+00,4.965999999999999659e+01
1.387643008995056215e+00,5.000999999999999801e+01
1.386550614643097035e+00,4.984000000000000341e+01
1.380702759265899582e+00,4.957999999999999829e+01
1.377660543441772356e+00,4.999000000000000199e+01
1.378765656852722232e+00,4.989999999999999858e+01
1.372934885787963966e+00,4.953000000000000114e+01
1.370014510726928814e+00,4.984000000000000341e+01
1.364753986358642646e+00,5.003000000000000114e+01
1.361416129302978506e+00,4.979999999999999716e+01
1.365305731773376552e+00,5.020000000000000284e+01
1.359483005619049001e+00,5.013000000000000256e+01
1.351534052753448512e+00,5.028000000000000114e+01
1.351272826480865552e+00,4.989000000000000057e+01
1.344930352306366039e+00,5.017999999999999972e+01
1.340490350914001372e+00,5.007000000000000028e+01
1.342272469902038523e+00,4.997999999999999687e+01
1.334521427822113138e+00,4.972999999999999687e+01
1.326433912658691483e+00,4.996999999999999886e+01
1.328649381923675543e+00,5.010999999999999943e+01
1.323003278350830092e+00,4.989000000000000057e+01
1.325553846645355138e+00,5.031000000000000227e+01
1.317493417072296058e+00,5.086999999999999744e+01
1.321617733383178672e+00,4.996999999999999886e+01
1.311434447097778344e+00,5.046000000000000085e+01
1.316391724491119408e+00,4.989999999999999858e+01
1.300876070404052731e+00,5.015999999999999659e+01
1.307374229145050082e+00,5.057000000000000028e+01
1.300502437973022563e+00,5.021999999999999886e+01
1.298909909725189271e+00,5.039999999999999858e+01
1.292898217296600372e+00,5.025000000000000000e+01
1.288136788272857602e+00,5.039000000000000057e+01
1.290936740875244126e+00,5.049000000000000199e+01
1.288057316303253153e+00,5.035000000000000142e+01
1.278136160087585349e+00,5.075999999999999801e+01
1.277535523796081485e+00,5.035999999999999943e+01
1.274354990959167377e+00,5.028999999999999915e+01
1.275011510562896744e+00,5.060999999999999943e+01
1.269247779369354179e+00,5.078000000000000114e+01
1.265927158546447773e+00,5.060999999999999943e+01
1.265087421226501530e+00,5.060000000000000142e+01
1.259439328956603932e+00,5.078999999999999915e+01
1.261995588397979651e+00,5.053999999999999915e+01
1.251481200599670496e+00,5.042999999999999972e+01
1.248483891010284452e+00,5.057000000000000028e+01
1.243526298618316650e+00,5.038000000000000256e+01
1.245995913314819292e+00,5.077000000000000313e+01
1.252642622566223052e+00,5.057999999999999829e+01
1.239516195583343583e+00,5.089000000000000057e+01
1.236021516895294159e+00,5.086999999999999744e+01
1.235842663192749047e+00,5.075999999999999801e+01
1.234727700138092077e+00,5.071999999999999886e+01
1.239000036525726323e+00,5.078999999999999915e+01
1.229798797512054342e+00,5.067000000000000171e+01
1.227712156486511219e+00,5.071999999999999886e+01
1.223309883022308364e+00,5.096000000000000085e+01
1.223330434703826963e+00,5.095000000000000284e+01
1.216423870944976837e+00,5.079999999999999716e+01
1.214231276416778638e+00,5.114999999999999858e+01
1.218226638984680088e+00,5.081000000000000227e+01
1.207408069705963038e+00,5.089000000000000057e+01
1.203918192005157373e+00,5.089999999999999858e+01
1.203595472335815320e+00,5.097999999999999687e+01
1.205873994636535551e+00,5.067999999999999972e+01
1.204331674098968463e+00,5.092999999999999972e+01
1.200299701309204048e+00,5.092999999999999972e+01
1.202179378795623865e+00,5.065999999999999659e+01
1.196635669326782336e+00,5.114000000000000057e+01
1.196889179897308253e+00,5.089999999999999858e+01
1.187884181690216145e+00,5.082000000000000028e+01
1.193596509265899552e+00,5.065999999999999659e+01
1.188844294166564897e+00,5.085999999999999943e+01
1.182633315753936820e+00,5.081000000000000227e+01
1.181436557102203411e+00,5.092000000000000171e+01
1.186675230026245087e+00,5.100999999999999801e+01
1.185272415256500178e+00,5.103999999999999915e+01
1.187058856964111397e+00,5.090999999999999659e+01
1.180113830471038794e+00,5.127000000000000313e+01
1.177913319587707619e+00,5.110999999999999943e+01
1.179853302764892531e+00,5.096000000000000085e+01
1.177834607410430889e+00,5.110999999999999943e+01
1.177884078216552721e+00,5.110999999999999943e+01
1.170602906608581462e+00,5.097999999999999687e+01
1.175682866096496637e+00,5.100000000000000000e+01
1.167611035919189355e+00,5.100999999999999801e+01
1.166979146575927828e+00,5.088000000000000256e+01
1.169493986797332852e+00,5.100999999999999801e+01
1.166248289108276381e+00,5.092000000000000171e+01
1.168433556747436430e+00,5.114999999999999858e+01
1.165209301662444963e+00,5.104999999999999716e+01
1.168872891902923650e+00,5.102000000000000313e+01
1.164798995018005323e+00,5.110999999999999943e+01
1.163365496730804471e+00,5.095000000000000284e+01
1.165085978984832682e+00,5.110999999999999943e+01
1.162389443302154435e+00,5.107000000000000028e+01
1.161325794982910109e+00,5.106000000000000227e+01
1.159299650764465284e+00,5.109000000000000341e+01
1.161727633094787659e+00,5.118999999999999773e+01
1.156826491260528611e+00,5.104999999999999716e+01
1.156626437759399328e+00,5.121000000000000085e+01
1.158761108207702728e+00,5.115999999999999659e+01
1.157267135047912676e+00,5.114000000000000057e+01
1.156611719322204523e+00,5.106000000000000227e+01
1.154796062660217393e+00,5.110999999999999943e+01
1.152866611766815153e+00,5.117999999999999972e+01
1.157609252738952543e+00,5.113000000000000256e+01
1.158078518676757707e+00,5.115999999999999659e+01
1.158247495079040457e+00,5.113000000000000256e+01
1.157432134628295861e+00,5.115999999999999659e+01
1.156482141780853290e+00,5.114999999999999858e+01
1.150485468101501541e+00,5.115999999999999659e+01
