Loss,Accuracy
4.052760822677612396e+00,1.402999999999999936e+01
3.482697761154174732e+00,2.092999999999999972e+01
3.176811665344238200e+00,2.492999999999999972e+01
2.949745774078369021e+00,2.910000000000000142e+01
2.725561639785766488e+00,3.299000000000000199e+01
2.584813376617431491e+00,3.646999999999999886e+01
2.465271405601501264e+00,3.600000000000000000e+01
2.364742338371276897e+00,3.947999999999999687e+01
2.277690794563293597e+00,3.997999999999999687e+01
2.211134058189391904e+00,4.222999999999999687e+01
2.146701711082458441e+00,4.215999999999999659e+01
2.089183688545226847e+00,4.342999999999999972e+01
2.038816839599609576e+00,4.410999999999999943e+01
1.996226874542236240e+00,4.561999999999999744e+01
1.947439530754089265e+00,4.678000000000000114e+01
1.914652285575866753e+00,4.736999999999999744e+01
1.890026268386840735e+00,4.732999999999999829e+01
1.850449176025390718e+00,4.789000000000000057e+01
1.827778982353210457e+00,4.945000000000000284e+01
1.799773657798767079e+00,4.885999999999999943e+01
1.781539829254150442e+00,4.985999999999999943e+01
1.753092012023925728e+00,5.014000000000000057e+01
1.733663260459899824e+00,4.975999999999999801e+01
1.718824361991882377e+00,5.095000000000000284e+01
1.691545893287658586e+00,5.075000000000000000e+01
1.681567293357849158e+00,5.027000000000000313e+01
1.666834209060668925e+00,5.129999999999999716e+01
1.653582993888854880e+00,5.106000000000000227e+01
1.635406671333313078e+00,5.081000000000000227e+01
1.619610720062255815e+00,5.145000000000000284e+01
1.604355932044982946e+00,5.143999999999999773e+01
1.588651806259155252e+00,5.204999999999999716e+01
1.575030035591125532e+00,5.138000000000000256e+01
1.567834318351745582e+00,5.203999999999999915e+01
1.553113088417053200e+00,5.182000000000000028e+01
1.538300268173217855e+00,5.215999999999999659e+01
1.535975049781799218e+00,5.321000000000000085e+01
1.519616749763488706e+00,5.235999999999999943e+01
1.514567184829711977e+00,5.289000000000000057e+01
1.496513028526306188e+00,5.378000000000000114e+01
1.494672879695892354e+00,5.335999999999999943e+01
1.482711794471740729e+00,5.342000000000000171e+01
1.476526244735717697e+00,5.296000000000000085e+01
1.460701823806762611e+00,5.332999999999999829e+01
1.449182470989227367e+00,5.415999999999999659e+01
1.443698755550384627e+00,5.289000000000000057e+01
1.435710976696014329e+00,5.422999999999999687e+01
1.422420993614196716e+00,5.425999999999999801e+01
1.426029187488556005e+00,5.364999999999999858e+01
1.415822122669220029e+00,5.325000000000000000e+01
1.411105284023284945e+00,5.414999999999999858e+01
1.401994260597229092e+00,5.399000000000000199e+01
1.398185618209838887e+00,5.452000000000000313e+01
1.391373207759857067e+00,5.431000000000000227e+01
1.383444704151153504e+00,5.432000000000000028e+01
1.378922857952117997e+00,5.449000000000000199e+01
1.370076808357238773e+00,5.467999999999999972e+01
1.360096711254119795e+00,5.427000000000000313e+01
1.360264817237853974e+00,5.488000000000000256e+01
1.354329029273986906e+00,5.471999999999999886e+01
1.349479551029205249e+00,5.527000000000000313e+01
1.344171556186676053e+00,5.502000000000000313e+01
1.335262542152404697e+00,5.482999999999999829e+01
1.336100153636932353e+00,5.509000000000000341e+01
1.322946478080749610e+00,5.489999999999999858e+01
1.318617906093597414e+00,5.525000000000000000e+01
1.314533274269104046e+00,5.525999999999999801e+01
1.314777756690979071e+00,5.553000000000000114e+01
1.303355506134033170e+00,5.556000000000000227e+01
1.299664685344696036e+00,5.547999999999999687e+01
1.290319157218933199e+00,5.517000000000000171e+01
1.287287966632842950e+00,5.560999999999999943e+01
1.288359673500061087e+00,5.464999999999999858e+01
1.286262844181060849e+00,5.536999999999999744e+01
1.275447597408294609e+00,5.546999999999999886e+01
1.274357541656494064e+00,5.542000000000000171e+01
1.270063136005401550e+00,5.522999999999999687e+01
1.268466988849639820e+00,5.465999999999999659e+01
1.257725189590454207e+00,5.536999999999999744e+01
1.259526208114624124e+00,5.532999999999999829e+01
1.251212369728088358e+00,5.524000000000000199e+01
1.250319526672363235e+00,5.521000000000000085e+01
1.239485395336151097e+00,5.568999999999999773e+01
1.245009692001342705e+00,5.560999999999999943e+01
1.236816607379913391e+00,5.660999999999999943e+01
1.224884130477905231e+00,5.577000000000000313e+01
1.228828882694244395e+00,5.631000000000000227e+01
1.220889761066436874e+00,5.527000000000000313e+01
1.218670397758483848e+00,5.610999999999999943e+01
1.219243390369415314e+00,5.679999999999999716e+01
1.206634926509857264e+00,5.650000000000000000e+01
1.207688808917999346e+00,5.592000000000000171e+01
1.198591463851928607e+00,5.603000000000000114e+01
1.191804990577697732e+00,5.624000000000000199e+01
1.192686646080017177e+00,5.575999999999999801e+01
1.191101504135131828e+00,5.635000000000000142e+01
1.189587582778930619e+00,5.624000000000000199e+01
1.184336898803710847e+00,5.622999999999999687e+01
1.175437539386749330e+00,5.668999999999999773e+01
1.170889626979827902e+00,5.592999999999999972e+01
1.170113714790344206e+00,5.639000000000000057e+01
1.164372988605499204e+00,5.557999999999999829e+01
1.163417755985260094e+00,5.632999999999999829e+01
1.162780417728423998e+00,5.646999999999999886e+01
1.161164015007019046e+00,5.593999999999999773e+01
1.148827019977569641e+00,5.660000000000000142e+01
1.146127316379547123e+00,5.603999999999999915e+01
1.140052280139923102e+00,5.603999999999999915e+01
1.137337984275817782e+00,5.654999999999999716e+01
1.135856051826477087e+00,5.675999999999999801e+01
1.133268625354766801e+00,5.621999999999999886e+01
1.132796015167236270e+00,5.653999999999999915e+01
1.120112971591949558e+00,5.639999999999999858e+01
1.123335803127288868e+00,5.718999999999999773e+01
1.113639796543121285e+00,5.603000000000000114e+01
1.113347887992858887e+00,5.571999999999999886e+01
1.108217113685607824e+00,5.722999999999999687e+01
1.100633371925354043e+00,5.564999999999999858e+01
1.098019840812683112e+00,5.602000000000000313e+01
1.095500667381286597e+00,5.702000000000000313e+01
1.088564202022552552e+00,5.653000000000000114e+01
1.088452281665801991e+00,5.746999999999999886e+01
1.084379060077667267e+00,5.657999999999999829e+01
1.083153717708587704e+00,5.715999999999999659e+01
1.082363507556915350e+00,5.593999999999999773e+01
1.072495350360870292e+00,5.639000000000000057e+01
1.073535349369049152e+00,5.682000000000000028e+01
1.066033128166198773e+00,5.703000000000000114e+01
1.063941706657409725e+00,5.629999999999999716e+01
1.054346024322509789e+00,5.763000000000000256e+01
1.053116404533386286e+00,5.690999999999999659e+01
1.057224137306213452e+00,5.703000000000000114e+01
1.041844095039367701e+00,5.740999999999999659e+01
1.036108034133911060e+00,5.728000000000000114e+01
1.042933776760101239e+00,5.692000000000000171e+01
1.035379885387420762e+00,5.717999999999999972e+01
1.030236568927764829e+00,5.647999999999999687e+01
1.035870809173583984e+00,5.672999999999999687e+01
1.020144036006927379e+00,5.706000000000000227e+01
1.020744933128356902e+00,5.632999999999999829e+01
1.015225965023040855e+00,5.707000000000000028e+01
1.011477976512908938e+00,5.614999999999999858e+01
1.007123697185516420e+00,5.752000000000000313e+01
1.010326663780212408e+00,5.804999999999999716e+01
1.001305726909637484e+00,5.779999999999999716e+01
1.001351518344879121e+00,5.746000000000000085e+01
9.936186384201050048e-01,5.710000000000000142e+01
9.892804719924926937e-01,5.695000000000000284e+01
9.875886963844299204e-01,5.759000000000000341e+01
9.783673059463501298e-01,5.642000000000000171e+01
9.785384634017944006e-01,5.734000000000000341e+01
9.725701592445373800e-01,5.700000000000000000e+01
9.703878664016724054e-01,5.750000000000000000e+01
9.662617574691771960e-01,5.757999999999999829e+01
9.595649808883667253e-01,5.740999999999999659e+01
9.551337391853332859e-01,5.740999999999999659e+01
9.567192155838012413e-01,5.717000000000000171e+01
9.493826004981994471e-01,5.667000000000000171e+01
9.479260039329528986e-01,5.722999999999999687e+01
9.420703221321106158e-01,5.728000000000000114e+01
9.406998367309570286e-01,5.717999999999999972e+01
9.380961588859557665e-01,5.725999999999999801e+01
9.320863780021667599e-01,5.746000000000000085e+01
9.315267429351806738e-01,5.739000000000000057e+01
9.279051320075988318e-01,5.799000000000000199e+01
9.223808800697326227e-01,5.774000000000000199e+01
9.192607044219970325e-01,5.707000000000000028e+01
9.093494054794311054e-01,5.735999999999999943e+01
9.101733422279357777e-01,5.784000000000000341e+01
9.054673680305480588e-01,5.724000000000000199e+01
9.014781541824340438e-01,5.693999999999999773e+01
9.019684263229370558e-01,5.707000000000000028e+01
8.919854447364806704e-01,5.736999999999999744e+01
8.937024645328521810e-01,5.740999999999999659e+01
8.871290148258209607e-01,5.760000000000000142e+01
8.858145732402801231e-01,5.721000000000000085e+01
8.809804990768432820e-01,5.709000000000000341e+01
8.738085810661315733e-01,5.689000000000000057e+01
8.759353350639342839e-01,5.690999999999999659e+01
8.722875396728515529e-01,5.753000000000000114e+01
8.659867265701294281e-01,5.750000000000000000e+01
8.615568139076232868e-01,5.742000000000000171e+01
8.585085690498351907e-01,5.686999999999999744e+01
8.513786718845367529e-01,5.749000000000000199e+01
8.447898257732391336e-01,5.740999999999999659e+01
8.427419298648833879e-01,5.735000000000000142e+01
8.435030513763427384e-01,5.747999999999999687e+01
8.483279664993286229e-01,5.743999999999999773e+01
8.393122369289398588e-01,5.752000000000000313e+01
8.309271605491638235e-01,5.789000000000000057e+01
8.272570804119110388e-01,5.739999999999999858e+01
8.219608022689819382e-01,5.752000000000000313e+01
8.173430298328400179e-01,5.749000000000000199e+01
8.163405928611755513e-01,5.706000000000000227e+01
8.153513713836669785e-01,5.743999999999999773e+01
8.083395893096924079e-01,5.736999999999999744e+01
8.019865295410156802e-01,5.747999999999999687e+01
8.041889763832091864e-01,5.725000000000000000e+01
8.012287715435028046e-01,5.761999999999999744e+01
7.958658883571624321e-01,5.810000000000000142e+01
7.923266115665436038e-01,5.752000000000000313e+01
7.913482062816620255e-01,5.731000000000000227e+01
7.814898525714873978e-01,5.749000000000000199e+01
7.821106195449829546e-01,5.749000000000000199e+01
7.774908617019653523e-01,5.790999999999999659e+01
7.711666865348816291e-01,5.768999999999999773e+01
7.731066389083862678e-01,5.757999999999999829e+01
7.679849649429321135e-01,5.796000000000000085e+01
7.643805273532867650e-01,5.771000000000000085e+01
7.623563022136687906e-01,5.743999999999999773e+01
7.562086616992950150e-01,5.770000000000000284e+01
7.572219435214996297e-01,5.782000000000000028e+01
7.463171279907226952e-01,5.775999999999999801e+01
7.499995130062103721e-01,5.782000000000000028e+01
7.449550075531006232e-01,5.750999999999999801e+01
7.409986470222472699e-01,5.753999999999999915e+01
7.413230257987976080e-01,5.750000000000000000e+01
7.360176248550415190e-01,5.765999999999999659e+01
7.274992383480072267e-01,5.778999999999999915e+01
7.274928270816802822e-01,5.764000000000000057e+01
7.245280761718749796e-01,5.802000000000000313e+01
7.165719032287597434e-01,5.782000000000000028e+01
7.159792427539825033e-01,5.764000000000000057e+01
7.153506597518920485e-01,5.764000000000000057e+01
7.114485712528229033e-01,5.792999999999999972e+01
7.038310191154479867e-01,5.768999999999999773e+01
7.075014850139618172e-01,5.779999999999999716e+01
7.008210836887359685e-01,5.777000000000000313e+01
7.024386395454407239e-01,5.749000000000000199e+01
6.979873547077178886e-01,5.781000000000000227e+01
6.931757798194885245e-01,5.768999999999999773e+01
6.931728501319884828e-01,5.765999999999999659e+01
6.879316245555877618e-01,5.786999999999999744e+01
6.873053453922272071e-01,5.765999999999999659e+01
6.833723953247070604e-01,5.764000000000000057e+01
6.790082513332367231e-01,5.807000000000000028e+01
6.798727741241454847e-01,5.743999999999999773e+01
6.693494609355926661e-01,5.788000000000000256e+01
6.755091207027434930e-01,5.785999999999999943e+01
6.727027373790740450e-01,5.782000000000000028e+01
6.723169670104980344e-01,5.803000000000000114e+01
6.630110845088958982e-01,5.804999999999999716e+01
6.591573916912079056e-01,5.785999999999999943e+01
6.610129857540130160e-01,5.782000000000000028e+01
6.619965378284454749e-01,5.764999999999999858e+01
6.546611648082732993e-01,5.799000000000000199e+01
6.530418571472167422e-01,5.746000000000000085e+01
6.521009955883025899e-01,5.803000000000000114e+01
6.506731046199798474e-01,5.803999999999999915e+01
6.467870359420776483e-01,5.792000000000000171e+01
6.442369347572326488e-01,5.772999999999999687e+01
6.422328798294066887e-01,5.767000000000000171e+01
6.385092814922332938e-01,5.785999999999999943e+01
6.370895092964172779e-01,5.779999999999999716e+01
6.376438175201416536e-01,5.778999999999999915e+01
6.344214272499084650e-01,5.785000000000000142e+01
6.321353908538818178e-01,5.757000000000000028e+01
6.319841688156128123e-01,5.775000000000000000e+01
6.306884400844573468e-01,5.772999999999999687e+01
6.279500096321105618e-01,5.807000000000000028e+01
6.285927888393402219e-01,5.813000000000000256e+01
6.193043651580810716e-01,5.792000000000000171e+01
6.209084490299224823e-01,5.810999999999999943e+01
6.195108005523681793e-01,5.806000000000000227e+01
6.182574573516845806e-01,5.784000000000000341e+01
6.184312188148498590e-01,5.786999999999999744e+01
6.172105609416961292e-01,5.765999999999999659e+01
6.134905686855316453e-01,5.800000000000000000e+01
6.080474757671355812e-01,5.779999999999999716e+01
6.144001287937164157e-01,5.804999999999999716e+01
6.087606634140014794e-01,5.777000000000000313e+01
6.107588036060332959e-01,5.793999999999999773e+01
6.085001739978790347e-01,5.796000000000000085e+01
6.064003006935119178e-01,5.792999999999999972e+01
6.068260970592498360e-01,5.800999999999999801e+01
6.061415524482727246e-01,5.793999999999999773e+01
6.037218741416930934e-01,5.790999999999999659e+01
6.024077713966369263e-01,5.799000000000000199e+01
6.024940046787261583e-01,5.790999999999999659e+01
5.969502452850341534e-01,5.807000000000000028e+01
5.966373065471649584e-01,5.785000000000000142e+01
5.953910255432128817e-01,5.797999999999999687e+01
5.942311280727387013e-01,5.800000000000000000e+01
5.980232642650604724e-01,5.782000000000000028e+01
6.000132485866546128e-01,5.795000000000000284e+01
5.953780301570892330e-01,5.797999999999999687e+01
5.926228978157043192e-01,5.804999999999999716e+01
5.914588355541229303e-01,5.809000000000000341e+01
5.958263826847076672e-01,5.804999999999999716e+01
5.931253801345824916e-01,5.802000000000000313e+01
5.919993122100830618e-01,5.797999999999999687e+01
5.937802205085754848e-01,5.796000000000000085e+01
5.880872210025787084e-01,5.799000000000000199e+01
5.963018033504485782e-01,5.803000000000000114e+01
5.895896699905395222e-01,5.797999999999999687e+01
5.928793206691741480e-01,5.792999999999999972e+01
5.920356400489806825e-01,5.800000000000000000e+01
5.901243691444396644e-01,5.799000000000000199e+01
5.876113076210022212e-01,5.800000000000000000e+01
5.934510644912719401e-01,5.799000000000000199e+01
