Loss,Accuracy
3.004638848876953094e+00,7.980000000000000426e+00
2.591245085144043170e+00,1.438000000000000078e+01
2.407472559738159212e+00,1.867000000000000171e+01
2.292072731399536156e+00,2.108999999999999986e+01
2.177994833946228059e+00,2.264999999999999858e+01
2.083670382881164684e+00,2.621999999999999886e+01
2.009933207130432109e+00,2.780000000000000071e+01
1.955011154365539516e+00,2.955000000000000071e+01
1.904429193305969159e+00,3.078000000000000114e+01
1.874129273986816502e+00,3.164000000000000057e+01
1.842348398971557666e+00,3.206000000000000227e+01
1.814030228042602610e+00,3.257000000000000028e+01
1.788124707794189527e+00,3.356000000000000227e+01
1.767707011413574225e+00,3.340999999999999659e+01
1.745743933868408204e+00,3.534000000000000341e+01
1.723564411163330146e+00,3.428999999999999915e+01
1.701764234161377010e+00,3.585999999999999943e+01
1.692707872581481920e+00,3.602000000000000313e+01
1.670566065788269050e+00,3.507999999999999829e+01
1.651030953598022544e+00,3.684000000000000341e+01
1.637470822143554772e+00,3.667000000000000171e+01
1.615198828887939531e+00,3.715999999999999659e+01
1.602042899322509761e+00,3.886999999999999744e+01
1.591247543907165607e+00,3.835000000000000142e+01
1.577971199226379406e+00,3.802000000000000313e+01
1.560583319664001545e+00,3.865999999999999659e+01
1.553718855667114207e+00,3.925000000000000000e+01
1.540070574569702089e+00,3.938000000000000256e+01
1.524658531761169389e+00,3.985999999999999943e+01
1.518843902397155832e+00,3.963000000000000256e+01
1.499630702781677316e+00,3.840999999999999659e+01
1.492133621788025000e+00,4.065999999999999659e+01
1.482907355308532793e+00,4.022999999999999687e+01
1.477940254020690958e+00,4.060999999999999943e+01
1.471531787109374934e+00,4.099000000000000199e+01
1.461238326072692884e+00,4.043999999999999773e+01
1.453969730377197234e+00,4.153000000000000114e+01
1.447742975044250535e+00,4.128999999999999915e+01
1.443430111694335993e+00,4.164000000000000057e+01
1.436138547515869224e+00,4.161999999999999744e+01
1.430706076812744199e+00,4.231000000000000227e+01
1.422481666755676333e+00,4.245000000000000284e+01
1.420716923141479571e+00,4.239999999999999858e+01
1.409247733402252178e+00,4.122999999999999687e+01
1.407303938293457124e+00,4.171999999999999886e+01
1.405009302139282212e+00,4.222999999999999687e+01
1.394582712745666475e+00,4.239000000000000057e+01
1.387000015830993638e+00,4.257000000000000028e+01
1.382869489097595217e+00,4.309000000000000341e+01
1.379380739784240806e+00,4.328999999999999915e+01
1.374087683486938438e+00,4.278000000000000114e+01
1.365308041191101163e+00,4.302000000000000313e+01
1.362430780887603721e+00,4.313000000000000256e+01
1.351614393424987792e+00,4.281000000000000227e+01
1.353390161228180011e+00,4.353999999999999915e+01
1.345616852760314952e+00,4.406000000000000227e+01
1.343488224029540934e+00,4.310999999999999943e+01
1.337780048751830986e+00,4.382999999999999829e+01
1.333694469928741411e+00,4.339000000000000057e+01
1.327161822223663412e+00,4.421000000000000085e+01
1.323359753417968854e+00,4.415999999999999659e+01
1.324412006855010926e+00,4.364999999999999858e+01
1.320964681911468430e+00,4.456000000000000227e+01
1.316443918323516815e+00,4.460000000000000142e+01
1.311489133262634388e+00,4.450999999999999801e+01
1.310235984230041506e+00,4.445000000000000284e+01
1.303659254264831535e+00,4.382999999999999829e+01
1.306604057884216408e+00,4.447999999999999687e+01
1.298726913833618157e+00,4.502000000000000313e+01
1.295793049240112405e+00,4.510999999999999943e+01
1.292565419673919580e+00,4.471999999999999886e+01
1.290414932346344079e+00,4.470000000000000284e+01
1.287277559089660572e+00,4.450999999999999801e+01
1.281929615783691467e+00,4.414999999999999858e+01
1.287647173404693701e+00,4.375999999999999801e+01
1.269472784614563032e+00,4.429999999999999716e+01
1.276669106292724676e+00,4.553000000000000114e+01
1.269960442924499500e+00,4.520000000000000284e+01
1.271708595848083601e+00,4.446000000000000085e+01
1.268017850685119630e+00,4.507000000000000028e+01
1.268127827548980679e+00,4.521000000000000085e+01
1.259437417984008878e+00,4.529999999999999716e+01
1.259871822261810381e+00,4.511999999999999744e+01
1.253539617633819603e+00,4.464999999999999858e+01
1.257491888904571642e+00,4.485000000000000142e+01
1.253956782627105637e+00,4.511999999999999744e+01
1.247466024684906083e+00,4.560000000000000142e+01
1.246277968215942389e+00,4.577000000000000313e+01
1.237322186660766654e+00,4.621000000000000085e+01
1.240425524711608940e+00,4.563000000000000256e+01
1.236707003307342623e+00,4.500000000000000000e+01
1.234144835662841722e+00,4.570000000000000284e+01
1.235381154155731132e+00,4.574000000000000199e+01
1.233036293601989852e+00,4.560000000000000142e+01
1.227023756980895941e+00,4.560000000000000142e+01
1.224667503643035893e+00,4.532000000000000028e+01
1.224034489250183100e+00,4.532000000000000028e+01
1.219179723167419516e+00,4.639999999999999858e+01
1.217550647068023739e+00,4.518999999999999773e+01
1.220790546894073403e+00,4.629999999999999716e+01
1.212062947845458982e+00,4.539000000000000057e+01
1.210278009605407767e+00,4.534000000000000341e+01
1.208281238269805824e+00,4.640999999999999659e+01
1.208724209880828848e+00,4.547999999999999687e+01
1.203020949649810767e+00,4.585999999999999943e+01
1.204167367649078280e+00,4.614000000000000057e+01
1.199783431434631398e+00,4.668999999999999773e+01
1.195537935638427696e+00,4.609000000000000341e+01
1.193046529579162573e+00,4.632999999999999829e+01
1.193453902435302805e+00,4.628000000000000114e+01
1.188491033554077259e+00,4.665999999999999659e+01
1.189364773273468012e+00,4.549000000000000199e+01
1.186773020458221417e+00,4.672999999999999687e+01
1.177999349117279104e+00,4.747999999999999687e+01
1.178801706790923998e+00,4.693999999999999773e+01
1.181702004909515491e+00,4.678000000000000114e+01
1.174490056610107525e+00,4.671999999999999886e+01
1.171626196575164869e+00,4.528000000000000114e+01
1.172567879581451367e+00,4.665999999999999659e+01
1.166577963256836048e+00,4.589000000000000057e+01
1.168765007495880193e+00,4.685000000000000142e+01
1.165688347339630226e+00,4.677000000000000313e+01
1.158568375682830887e+00,4.721000000000000085e+01
1.157238665390014631e+00,4.742999999999999972e+01
1.157318070793151854e+00,4.711999999999999744e+01
1.153483538913726791e+00,4.696000000000000085e+01
1.156312476062774763e+00,4.732999999999999829e+01
1.149790574645995989e+00,4.757000000000000028e+01
1.150269344234466473e+00,4.721999999999999886e+01
1.148989220142364598e+00,4.659000000000000341e+01
1.142141862773895289e+00,4.740999999999999659e+01
1.137397779083251903e+00,4.750999999999999801e+01
1.138971232986450088e+00,4.742999999999999972e+01
1.137176861476898226e+00,4.749000000000000199e+01
1.135876121425628771e+00,4.779999999999999716e+01
1.129127477264404211e+00,4.765999999999999659e+01
1.125580148983001738e+00,4.739000000000000057e+01
1.129836041641235411e+00,4.789000000000000057e+01
1.124714181995391860e+00,4.806000000000000227e+01
1.123336897850036653e+00,4.704999999999999716e+01
1.121318915557861340e+00,4.742000000000000171e+01
1.111265784549713143e+00,4.810999999999999943e+01
1.116978743934631257e+00,4.814000000000000057e+01
1.113258117198944186e+00,4.795000000000000284e+01
1.114832528400421241e+00,4.742999999999999972e+01
1.107956621837616007e+00,4.810000000000000142e+01
1.102824648952484221e+00,4.768999999999999773e+01
1.101588721370696966e+00,4.817999999999999972e+01
1.098210488319397049e+00,4.811999999999999744e+01
1.100360886383056735e+00,4.753000000000000114e+01
1.094284129142761186e+00,4.832999999999999829e+01
1.095881530666351411e+00,4.811999999999999744e+01
1.091487767696380562e+00,4.799000000000000199e+01
1.093174515819549608e+00,4.754999999999999716e+01
1.086322967433929421e+00,4.796999999999999886e+01
1.085738659191131550e+00,4.840999999999999659e+01
1.085548741531372041e+00,4.764000000000000057e+01
1.078516469383239640e+00,4.853000000000000114e+01
1.077497815895080535e+00,4.809000000000000341e+01
1.073116017532348643e+00,4.818999999999999773e+01
1.070720727252960192e+00,4.864999999999999858e+01
1.073052279567718426e+00,4.839000000000000057e+01
1.068681053924560587e+00,4.772999999999999687e+01
1.064092442798614480e+00,4.879999999999999716e+01
1.064037821865081890e+00,4.868999999999999773e+01
1.065268677139282305e+00,4.860999999999999943e+01
1.058389251327514602e+00,4.878999999999999915e+01
1.058249629878997844e+00,4.817000000000000171e+01
1.055576746654510512e+00,4.800999999999999801e+01
1.050000961303710900e+00,4.829999999999999716e+01
1.047813853549957264e+00,4.863000000000000256e+01
1.051601301288604740e+00,4.810999999999999943e+01
1.043971370506286522e+00,4.867999999999999972e+01
1.041375372600555460e+00,4.829999999999999716e+01
1.039738311958313011e+00,4.809000000000000341e+01
1.037763315677642906e+00,4.863000000000000256e+01
1.030866288661956842e+00,4.835999999999999943e+01
1.032636507892608746e+00,4.875000000000000000e+01
1.032126214408874532e+00,4.878000000000000114e+01
1.025742917823791567e+00,4.856000000000000227e+01
1.025660559368133606e+00,4.852000000000000313e+01
1.024599664688110368e+00,4.850000000000000000e+01
1.020455950355529717e+00,4.900999999999999801e+01
1.021549352359771623e+00,4.913000000000000256e+01
1.013908939456939606e+00,4.910999999999999943e+01
1.015604273414611791e+00,4.877000000000000313e+01
1.012072251129150446e+00,4.888000000000000256e+01
1.008557016277313201e+00,4.847999999999999687e+01
1.011896516418457015e+00,4.910000000000000142e+01
1.006513758373260403e+00,4.911999999999999744e+01
9.995087228775024757e-01,4.914999999999999858e+01
9.970224926948547672e-01,4.846000000000000085e+01
9.970156229972839679e-01,4.900999999999999801e+01
9.974032066345215330e-01,4.904999999999999716e+01
9.932583047866820891e-01,4.878999999999999915e+01
9.897134308815002113e-01,4.863000000000000256e+01
9.853506292343139350e-01,4.902000000000000313e+01
9.815422645568847582e-01,4.906000000000000227e+01
9.841542774200439103e-01,4.910000000000000142e+01
9.793168085098266085e-01,4.921999999999999886e+01
9.784621283531188540e-01,4.886999999999999744e+01
9.748122461318969867e-01,4.950000000000000000e+01
9.758877183914184128e-01,4.949000000000000199e+01
9.704183404922485101e-01,4.931000000000000227e+01
9.675316377639771037e-01,4.960999999999999943e+01
9.669356842994689671e-01,4.924000000000000199e+01
9.680874155044555396e-01,4.957000000000000028e+01
9.613583815574645586e-01,4.907999999999999829e+01
9.577569865226746026e-01,4.924000000000000199e+01
9.560596256256103098e-01,4.900000000000000000e+01
9.519422200202941609e-01,4.907000000000000028e+01
9.542726030349731881e-01,4.925000000000000000e+01
9.473268385887145815e-01,4.922999999999999687e+01
9.520872450828552491e-01,4.928000000000000114e+01
9.441010924339294785e-01,4.965999999999999659e+01
9.457271334648131855e-01,4.918999999999999773e+01
9.415884576797485250e-01,4.975000000000000000e+01
9.419038926124573274e-01,4.965999999999999659e+01
9.381816187858581513e-01,4.968999999999999773e+01
9.338207012176513722e-01,4.992000000000000171e+01
9.345423880577087283e-01,4.982000000000000028e+01
9.313230063438415751e-01,4.999000000000000199e+01
9.248123311996460094e-01,4.946000000000000085e+01
9.266145808219909963e-01,4.934000000000000341e+01
9.253917490959167047e-01,5.007000000000000028e+01
9.196133539199828899e-01,5.000000000000000000e+01
9.209113568305968833e-01,4.957999999999999829e+01
9.204677400588989755e-01,4.984000000000000341e+01
9.112554283142090261e-01,4.977000000000000313e+01
9.114903397560120135e-01,4.982999999999999829e+01
9.110711883544921896e-01,5.013000000000000256e+01
9.091533256530761609e-01,4.979999999999999716e+01
9.067401353836059830e-01,5.003999999999999915e+01
9.059306834220886007e-01,4.989000000000000057e+01
9.028561789512634661e-01,5.025000000000000000e+01
8.998430350303650016e-01,5.007000000000000028e+01
8.990891409873962292e-01,4.975000000000000000e+01
8.969868512153625906e-01,4.995000000000000284e+01
8.961616351127624780e-01,4.977000000000000313e+01
8.943896900177001896e-01,4.974000000000000199e+01
8.929575572967529684e-01,4.971999999999999886e+01
8.917390579223632985e-01,5.018999999999999773e+01
8.892946051597595547e-01,4.985999999999999943e+01
8.870005464553832875e-01,4.997999999999999687e+01
8.870273106575011779e-01,5.000999999999999801e+01
8.834395591735839659e-01,5.011999999999999744e+01
8.824286520957946856e-01,5.028999999999999915e+01
8.817307253837585179e-01,5.000000000000000000e+01
8.745935139656066948e-01,5.003999999999999915e+01
8.761025352001190480e-01,5.007000000000000028e+01
8.770030025482177249e-01,4.984000000000000341e+01
8.728657955169677463e-01,5.000000000000000000e+01
8.725047720909118176e-01,4.997999999999999687e+01
8.718619754791260279e-01,5.022999999999999687e+01
8.678520291328429836e-01,5.004999999999999716e+01
8.669771778106689641e-01,5.046999999999999886e+01
8.653841598510741973e-01,5.018999999999999773e+01
8.641785093307494670e-01,5.020000000000000284e+01
8.614200853347778741e-01,5.009000000000000341e+01
8.611157588958739950e-01,5.035000000000000142e+01
8.629545639038086469e-01,5.014999999999999858e+01
8.582695916175842044e-01,5.003999999999999915e+01
8.586389257431030764e-01,5.047999999999999687e+01
8.592106356620788921e-01,5.021000000000000085e+01
8.561915624618530174e-01,5.010999999999999943e+01
8.569109537124633968e-01,5.025000000000000000e+01
8.534701260566711634e-01,5.035999999999999943e+01
8.532609195709228711e-01,5.003999999999999915e+01
8.505732173919677841e-01,5.024000000000000199e+01
8.501557685852050295e-01,5.042000000000000171e+01
8.521199592590331662e-01,5.009000000000000341e+01
8.435218223571777640e-01,5.034000000000000341e+01
8.482716043472290357e-01,5.036999999999999744e+01
8.457121145248412963e-01,5.025999999999999801e+01
8.494606861114502028e-01,5.024000000000000199e+01
8.453691727638245057e-01,5.028000000000000114e+01
8.410266249656677129e-01,5.052000000000000313e+01
8.416461739540099796e-01,5.031000000000000227e+01
8.439211573600768901e-01,5.025000000000000000e+01
8.444477915287017522e-01,5.021000000000000085e+01
8.394753133773803500e-01,5.028000000000000114e+01
8.382102868080139046e-01,5.017999999999999972e+01
8.409883890151977903e-01,5.021999999999999886e+01
8.370674040794372495e-01,5.025000000000000000e+01
8.400583131790161362e-01,5.029999999999999716e+01
8.406875766754150492e-01,5.032000000000000028e+01
8.389266850471496229e-01,5.021999999999999886e+01
8.380071985244751387e-01,5.035000000000000142e+01
8.378712844848632546e-01,5.035000000000000142e+01
8.341647741317749221e-01,5.017999999999999972e+01
8.376300798416137505e-01,5.022999999999999687e+01
8.357657639503478508e-01,5.025000000000000000e+01
8.349213753700256424e-01,5.022999999999999687e+01
8.356057586669921600e-01,5.015999999999999659e+01
8.376509819030761861e-01,5.017000000000000171e+01
8.347750103950500877e-01,5.014000000000000057e+01
8.350316848754882892e-01,5.021000000000000085e+01
8.348473039627075654e-01,5.017999999999999972e+01
8.362288833618164441e-01,5.017000000000000171e+01
8.348178366661072047e-01,5.017000000000000171e+01
