Loss,Accuracy
4.011783456802367809e+00,1.386999999999999922e+01
3.437437422561645306e+00,2.098000000000000043e+01
3.102863262939453026e+00,2.608999999999999986e+01
2.854745042037964087e+00,3.005000000000000071e+01
2.680457996749877836e+00,3.260999999999999943e+01
2.542487407302856273e+00,3.627000000000000313e+01
2.436216120338440039e+00,3.738000000000000256e+01
2.339500452232361027e+00,3.843999999999999773e+01
2.264365147590637228e+00,3.914999999999999858e+01
2.206146434783935462e+00,4.125999999999999801e+01
2.148612623786926079e+00,4.310000000000000142e+01
2.083890050506591596e+00,4.403999999999999915e+01
2.037115962600708041e+00,4.403000000000000114e+01
2.002693989944457797e+00,4.663000000000000256e+01
1.955044496345520022e+00,4.621999999999999886e+01
1.918776006889343355e+00,4.625999999999999801e+01
1.888717233848571819e+00,4.742999999999999972e+01
1.862336771202087293e+00,4.721000000000000085e+01
1.825022837829589850e+00,4.850000000000000000e+01
1.811259671211242761e+00,4.838000000000000256e+01
1.779219646835327184e+00,4.843999999999999773e+01
1.767459289360046482e+00,4.742000000000000171e+01
1.738495396423339834e+00,4.929999999999999716e+01
1.722808167648315347e+00,5.029999999999999716e+01
1.710464715194702112e+00,4.971000000000000085e+01
1.681666378974914444e+00,4.953999999999999915e+01
1.670493029022216858e+00,5.000000000000000000e+01
1.651495174217224138e+00,5.031000000000000227e+01
1.636718153572082501e+00,5.092000000000000171e+01
1.626528403663635158e+00,5.078999999999999915e+01
1.615706371307373157e+00,5.038000000000000256e+01
1.600887384223937948e+00,5.090999999999999659e+01
1.586576133918762288e+00,5.192999999999999972e+01
1.577411265182495193e+00,5.074000000000000199e+01
1.564112100410461448e+00,5.107000000000000028e+01
1.555040973663330162e+00,5.202000000000000313e+01
1.544090441608428899e+00,5.143999999999999773e+01
1.539726577949523945e+00,5.189000000000000057e+01
1.521349946594238389e+00,5.264999999999999858e+01
1.514018319702148396e+00,5.256000000000000227e+01
1.506729631233215239e+00,5.175000000000000000e+01
1.493553192520141515e+00,5.302000000000000313e+01
1.482686412429809586e+00,5.295000000000000284e+01
1.485656397819518970e+00,5.284000000000000341e+01
1.470997035503387451e+00,5.328000000000000114e+01
1.465284565830230701e+00,5.317000000000000171e+01
1.455341686153411862e+00,5.345000000000000284e+01
1.451101521015167206e+00,5.364999999999999858e+01
1.438590552902221598e+00,5.264999999999999858e+01
1.436801973819732625e+00,5.310000000000000142e+01
1.427630452346801748e+00,5.257999999999999829e+01
1.416425751113891573e+00,5.364000000000000057e+01
1.411162850570678806e+00,5.400999999999999801e+01
1.409092711353302052e+00,5.282999999999999829e+01
1.394336946296691915e+00,5.300999999999999801e+01
1.393143869876861674e+00,5.278999999999999915e+01
1.389381562614441012e+00,5.403999999999999915e+01
1.375428535938262975e+00,5.399000000000000199e+01
1.371709363937377857e+00,5.395000000000000284e+01
1.371016752433776853e+00,5.439000000000000057e+01
1.364926306819915780e+00,5.364000000000000057e+01
1.360808058452606106e+00,5.332000000000000028e+01
1.353610591888427805e+00,5.352000000000000313e+01
1.346086620044708360e+00,5.443999999999999773e+01
1.340088989830017008e+00,5.375000000000000000e+01
1.331042404556274317e+00,5.477000000000000313e+01
1.330360149860382091e+00,5.449000000000000199e+01
1.319883014869689841e+00,5.460999999999999943e+01
1.321585880947113045e+00,5.472999999999999687e+01
1.315931851482391446e+00,5.475999999999999801e+01
1.311637969112396274e+00,5.465999999999999659e+01
1.306032483577728165e+00,5.356000000000000227e+01
1.295705808067321829e+00,5.400999999999999801e+01
1.295749761581420856e+00,5.407000000000000028e+01
1.292449659824371322e+00,5.464000000000000057e+01
1.284151574993133593e+00,5.367999999999999972e+01
1.284740217399597206e+00,5.464000000000000057e+01
1.272026568126678470e+00,5.474000000000000199e+01
1.261181947231292622e+00,5.495000000000000284e+01
1.270345400333404484e+00,5.449000000000000199e+01
1.265025198936462481e+00,5.545000000000000284e+01
1.254116888141632025e+00,5.504999999999999716e+01
1.257207698822021547e+00,5.488000000000000256e+01
1.250456356334686214e+00,5.510000000000000142e+01
1.243946174144744843e+00,5.429999999999999716e+01
1.238887985992431551e+00,5.542999999999999972e+01
1.235812681865692042e+00,5.550000000000000000e+01
1.229699006175994924e+00,5.492999999999999972e+01
1.226367778301238998e+00,5.602000000000000313e+01
1.215179554176330612e+00,5.564000000000000057e+01
1.220742926692962582e+00,5.621999999999999886e+01
1.210731008529662978e+00,5.474000000000000199e+01
1.205671244621276950e+00,5.538000000000000256e+01
1.205045076465606657e+00,5.525000000000000000e+01
1.199184624862670967e+00,5.546999999999999886e+01
1.202156797981262182e+00,5.600999999999999801e+01
1.188002773189544614e+00,5.611999999999999744e+01
1.187394573974609457e+00,5.565999999999999659e+01
1.178686901664733888e+00,5.567999999999999972e+01
1.177473507022857691e+00,5.531000000000000227e+01
1.171562108993530194e+00,5.599000000000000199e+01
1.172017328166961692e+00,5.585999999999999943e+01
1.170313927364349471e+00,5.593999999999999773e+01
1.165346475601196197e+00,5.575999999999999801e+01
1.162022047615051346e+00,5.600000000000000000e+01
1.157709401988983089e+00,5.589000000000000057e+01
1.156216692447662453e+00,5.417999999999999972e+01
1.147399802684784031e+00,5.507999999999999829e+01
1.143583216094970600e+00,5.574000000000000199e+01
1.140054628086090149e+00,5.596000000000000085e+01
1.131706945800781350e+00,5.561999999999999744e+01
1.137192512607574368e+00,5.617000000000000171e+01
1.122885915565490667e+00,5.593999999999999773e+01
1.124176594161987230e+00,5.679999999999999716e+01
1.118840853118896472e+00,5.614000000000000057e+01
1.119643584632873612e+00,5.532999999999999829e+01
1.109315819931030234e+00,5.575999999999999801e+01
1.101821106529235816e+00,5.664000000000000057e+01
1.104751243877410971e+00,5.610999999999999943e+01
1.094340819263458275e+00,5.610999999999999943e+01
1.093972671985626199e+00,5.582000000000000028e+01
1.089115883731841983e+00,5.604999999999999716e+01
1.089028391647338889e+00,5.604999999999999716e+01
1.076231158256530707e+00,5.586999999999999744e+01
1.083738680553436362e+00,5.650000000000000000e+01
1.076507358741760179e+00,5.638000000000000256e+01
1.070314902687072856e+00,5.625000000000000000e+01
1.071273412513732870e+00,5.677000000000000313e+01
1.060356219100952124e+00,5.665999999999999659e+01
1.062721437263488777e+00,5.621999999999999886e+01
1.056642137432098449e+00,5.685999999999999943e+01
1.046255164718628006e+00,5.585999999999999943e+01
1.054107254791259773e+00,5.657000000000000028e+01
1.048203134250640822e+00,5.681000000000000227e+01
1.045436197566986136e+00,5.667000000000000171e+01
1.044427736949920638e+00,5.685000000000000142e+01
1.036038423347473092e+00,5.696000000000000085e+01
1.029744949626922645e+00,5.646999999999999886e+01
1.024236470603942850e+00,5.692999999999999972e+01
1.022438067340850854e+00,5.602000000000000313e+01
1.013586671352386448e+00,5.653999999999999915e+01
1.010866494178771946e+00,5.703999999999999915e+01
1.013715390014648499e+00,5.667999999999999972e+01
1.004478593349456883e+00,5.699000000000000199e+01
1.002744230842590234e+00,5.706000000000000227e+01
9.978225844383239451e-01,5.649000000000000199e+01
9.964093086242675756e-01,5.660000000000000142e+01
9.881604470252990380e-01,5.682000000000000028e+01
9.845690921783447624e-01,5.734000000000000341e+01
9.817431397438048934e-01,5.679999999999999716e+01
9.843739766120910284e-01,5.621999999999999886e+01
9.767961709022522365e-01,5.688000000000000256e+01
9.722870269775391039e-01,5.653000000000000114e+01
9.646513575553894437e-01,5.660999999999999943e+01
9.631150371551513434e-01,5.689000000000000057e+01
9.619577513694763660e-01,5.695000000000000284e+01
9.536708563804626726e-01,5.707999999999999829e+01
9.566281326293945009e-01,5.675000000000000000e+01
9.528465499877929457e-01,5.767999999999999972e+01
9.397169047355652394e-01,5.664000000000000057e+01
9.435321689605712381e-01,5.745000000000000284e+01
9.373073228836059645e-01,5.711999999999999744e+01
9.338705300331116010e-01,5.690999999999999659e+01
9.282568101882934242e-01,5.725000000000000000e+01
9.264812954902649222e-01,5.707000000000000028e+01
9.173606211662292953e-01,5.700000000000000000e+01
9.217069215774535973e-01,5.703000000000000114e+01
9.153151105880736882e-01,5.674000000000000199e+01
9.107397772789000978e-01,5.703999999999999915e+01
9.040964982986450238e-01,5.722999999999999687e+01
9.017482353210448665e-01,5.700000000000000000e+01
8.998663068771362017e-01,5.696999999999999886e+01
8.950869575500488562e-01,5.702000000000000313e+01
8.880735662460327307e-01,5.664000000000000057e+01
8.897045208930969284e-01,5.713000000000000256e+01
8.841463367462157885e-01,5.685000000000000142e+01
8.868787817001342333e-01,5.752000000000000313e+01
8.785432297706603499e-01,5.724000000000000199e+01
8.760219908237457664e-01,5.695000000000000284e+01
8.642414305686950682e-01,5.639999999999999858e+01
8.635589321613311720e-01,5.697999999999999687e+01
8.608391207695007541e-01,5.742999999999999972e+01
8.618706419944762720e-01,5.713000000000000256e+01
8.568026620864868104e-01,5.717000000000000171e+01
8.476029974937439038e-01,5.679999999999999716e+01
8.489454472541808627e-01,5.724000000000000199e+01
8.452076827049255225e-01,5.725999999999999801e+01
8.393038557052612259e-01,5.753999999999999915e+01
8.342348941802978368e-01,5.779999999999999716e+01
8.330558563232421943e-01,5.665999999999999659e+01
8.306875164031982672e-01,5.746000000000000085e+01
8.222927160739899044e-01,5.722999999999999687e+01
8.222412566184997829e-01,5.732999999999999829e+01
8.170968679904937471e-01,5.763000000000000256e+01
8.126988518714904908e-01,5.727000000000000313e+01
8.101181654930115217e-01,5.732999999999999829e+01
8.035192082405090419e-01,5.760000000000000142e+01
8.049006586551665787e-01,5.782000000000000028e+01
7.962084799766540044e-01,5.738000000000000256e+01
7.971477903366088746e-01,5.764999999999999858e+01
7.886668705940246271e-01,5.710999999999999943e+01
7.883046615600586282e-01,5.736999999999999744e+01
7.846521458148956185e-01,5.753000000000000114e+01
7.840976457595825178e-01,5.756000000000000227e+01
7.729129669666290336e-01,5.761999999999999744e+01
7.715070825576781921e-01,5.710000000000000142e+01
7.722898127079009800e-01,5.742999999999999972e+01
7.652918005466461393e-01,5.800999999999999801e+01
7.618242867469787738e-01,5.779999999999999716e+01
7.628151231765747387e-01,5.765999999999999659e+01
7.577749557495117028e-01,5.753999999999999915e+01
7.567945280551909848e-01,5.754999999999999716e+01
7.548467644214630345e-01,5.756000000000000227e+01
7.467830892562866696e-01,5.775000000000000000e+01
7.457943950176239012e-01,5.770000000000000284e+01
7.406447515487670774e-01,5.768999999999999773e+01
7.384015190601348477e-01,5.750000000000000000e+01
7.372849624156951887e-01,5.782000000000000028e+01
7.281342401027679490e-01,5.750000000000000000e+01
7.317913951873779022e-01,5.739999999999999858e+01
7.238028641223906989e-01,5.711999999999999744e+01
7.247803007125854791e-01,5.750999999999999801e+01
7.145031328678130844e-01,5.742999999999999972e+01
7.141646762371063328e-01,5.760000000000000142e+01
7.130622532844543837e-01,5.781000000000000227e+01
7.091683880329131551e-01,5.775999999999999801e+01
7.045713258266449452e-01,5.739000000000000057e+01
7.017285956382751655e-01,5.757000000000000028e+01
7.013126621246338344e-01,5.746999999999999886e+01
6.939311054229736486e-01,5.764999999999999858e+01
6.951239568233490429e-01,5.747999999999999687e+01
6.931307338237762128e-01,5.767999999999999972e+01
6.880731498718262173e-01,5.736999999999999744e+01
6.888551977634429502e-01,5.760999999999999943e+01
6.863732536315918509e-01,5.752000000000000313e+01
6.786052747726440959e-01,5.753000000000000114e+01
6.770557489395141459e-01,5.750999999999999801e+01
6.704077800750732896e-01,5.770000000000000284e+01
6.697650633811950138e-01,5.718999999999999773e+01
6.711279703617095693e-01,5.742000000000000171e+01
6.681441622257232593e-01,5.742000000000000171e+01
6.660695621013641432e-01,5.745000000000000284e+01
6.624306321144104448e-01,5.764000000000000057e+01
6.623321050167083612e-01,5.775999999999999801e+01
6.589840982913971468e-01,5.739000000000000057e+01
6.543002037048339936e-01,5.789999999999999858e+01
6.540239936351776029e-01,5.756000000000000227e+01
6.510818514823913938e-01,5.745000000000000284e+01
6.468289443016052020e-01,5.754999999999999716e+01
6.451288840293883942e-01,5.767000000000000171e+01
6.436678790569305697e-01,5.742000000000000171e+01
6.408975704193115019e-01,5.763000000000000256e+01
6.374968419075012216e-01,5.750000000000000000e+01
6.347944447040557714e-01,5.781000000000000227e+01
6.328583016395569194e-01,5.764000000000000057e+01
6.357510802745819367e-01,5.753000000000000114e+01
6.327463162899017446e-01,5.774000000000000199e+01
6.305462737083434854e-01,5.743999999999999773e+01
6.246384285449981810e-01,5.782999999999999829e+01
6.251459657192229846e-01,5.775000000000000000e+01
6.190585338592529130e-01,5.754999999999999716e+01
6.248803538322448281e-01,5.757999999999999829e+01
6.241957055568695401e-01,5.732999999999999829e+01
6.175511977672576425e-01,5.767999999999999972e+01
6.178812441349029738e-01,5.775999999999999801e+01
6.167289849281311076e-01,5.767999999999999972e+01
6.155850305080413643e-01,5.771000000000000085e+01
6.133856344699859520e-01,5.770000000000000284e+01
6.138552785396576006e-01,5.749000000000000199e+01
6.115518403530121327e-01,5.761999999999999744e+01
6.068466256618499921e-01,5.777000000000000313e+01
6.102366223335266016e-01,5.757999999999999829e+01
6.046468186855316063e-01,5.756000000000000227e+01
6.056625399589538050e-01,5.742000000000000171e+01
6.028208872795105533e-01,5.754999999999999716e+01
5.993439669132232250e-01,5.770000000000000284e+01
5.996743473052978946e-01,5.754999999999999716e+01
6.006258431434631229e-01,5.775000000000000000e+01
6.011404469490051472e-01,5.767000000000000171e+01
6.004669520854949427e-01,5.742000000000000171e+01
5.916664684295653842e-01,5.742999999999999972e+01
5.942008045673370376e-01,5.760000000000000142e+01
5.956345929145813178e-01,5.756000000000000227e+01
5.964361271381378726e-01,5.764000000000000057e+01
5.905866222381591646e-01,5.764000000000000057e+01
5.938392469882964875e-01,5.753000000000000114e+01
5.913363297939300267e-01,5.764000000000000057e+01
5.898622048377990534e-01,5.770000000000000284e+01
5.897249366760254352e-01,5.753999999999999915e+01
5.947123570919037316e-01,5.761999999999999744e+01
5.913471618175506483e-01,5.765999999999999659e+01
5.872309008598327607e-01,5.764000000000000057e+01
5.913638883590698336e-01,5.765999999999999659e+01
5.882303585052490735e-01,5.764999999999999858e+01
5.896403513431549559e-01,5.767000000000000171e+01
5.861274009704590116e-01,5.768999999999999773e+01
5.901475059986114324e-01,5.767999999999999972e+01
5.887893665313720382e-01,5.765999999999999659e+01
5.871628031253814939e-01,5.765999999999999659e+01
5.878161443233489436e-01,5.765999999999999659e+01
