Loss,Accuracy
4.006565870666503493e+00,1.375999999999999979e+01
3.407408521270752111e+00,2.114000000000000057e+01
3.080640916442871191e+00,2.633999999999999986e+01
2.832021492767334170e+00,3.128999999999999915e+01
2.627889260101318403e+00,3.539999999999999858e+01
2.463865770530700772e+00,3.784000000000000341e+01
2.337259315299987872e+00,3.981000000000000227e+01
2.240350049781799413e+00,4.068999999999999773e+01
2.160725020217895587e+00,4.360000000000000142e+01
2.097917968368530062e+00,4.432000000000000028e+01
2.031094996452331713e+00,4.589000000000000057e+01
1.975270771980285556e+00,4.671999999999999886e+01
1.929251815795898439e+00,4.690999999999999659e+01
1.890059386062622027e+00,4.882000000000000028e+01
1.849635001754760699e+00,4.863000000000000256e+01
1.820114557075500406e+00,4.986999999999999744e+01
1.788942891120910650e+00,5.002000000000000313e+01
1.754480645561218299e+00,5.053000000000000114e+01
1.725797053146362225e+00,5.032999999999999829e+01
1.705630117034912185e+00,5.059000000000000341e+01
1.682571865272521894e+00,5.168999999999999773e+01
1.654266761779785266e+00,5.178999999999999915e+01
1.639953449058532797e+00,5.217000000000000171e+01
1.622850972557067895e+00,5.232000000000000028e+01
1.604887869644165077e+00,5.160999999999999943e+01
1.578566279602050759e+00,5.313000000000000256e+01
1.567557320404052712e+00,5.350999999999999801e+01
1.545538773250579867e+00,5.409000000000000341e+01
1.535313976383209322e+00,5.349000000000000199e+01
1.522343921089172269e+00,5.442999999999999972e+01
1.514611823844909777e+00,5.484000000000000341e+01
1.486874748325347939e+00,5.435000000000000142e+01
1.482763460826873825e+00,5.445000000000000284e+01
1.470930007362365677e+00,5.502000000000000313e+01
1.461748281478881806e+00,5.309000000000000341e+01
1.447383378696441625e+00,5.531000000000000227e+01
1.438308521080017055e+00,5.524000000000000199e+01
1.427581442070007256e+00,5.424000000000000199e+01
1.412992529201507530e+00,5.550999999999999801e+01
1.406394571590423581e+00,5.540999999999999659e+01
1.390788525009155174e+00,5.611999999999999744e+01
1.384641750240325875e+00,5.571999999999999886e+01
1.377341033077239985e+00,5.539000000000000057e+01
1.366671413993835404e+00,5.549000000000000199e+01
1.356222223186492881e+00,5.578999999999999915e+01
1.353557510280609222e+00,5.654999999999999716e+01
1.337648712921142513e+00,5.682999999999999829e+01
1.341042930126190136e+00,5.661999999999999744e+01
1.324764293861389053e+00,5.639999999999999858e+01
1.312231859683990587e+00,5.589999999999999858e+01
1.306949340152740557e+00,5.682000000000000028e+01
1.302044359970092824e+00,5.642000000000000171e+01
1.292958186817169119e+00,5.654999999999999716e+01
1.279180020236968973e+00,5.695000000000000284e+01
1.273212911510467560e+00,5.725999999999999801e+01
1.266754759216308646e+00,5.710000000000000142e+01
1.254424578666686996e+00,5.638000000000000256e+01
1.258723373413086044e+00,5.592000000000000171e+01
1.251157553195953342e+00,5.657000000000000028e+01
1.243136373615264967e+00,5.710000000000000142e+01
1.237405281829834003e+00,5.747999999999999687e+01
1.228116576099395729e+00,5.713000000000000256e+01
1.218267519855499303e+00,5.734000000000000341e+01
1.215906542110443134e+00,5.775999999999999801e+01
1.209061785888671858e+00,5.815999999999999659e+01
1.195236922836303783e+00,5.611999999999999744e+01
1.194612052822113135e+00,5.684000000000000341e+01
1.195247132492065489e+00,5.771999999999999886e+01
1.180526134586334264e+00,5.710000000000000142e+01
1.179475352668762245e+00,5.796000000000000085e+01
1.176040354061126614e+00,5.795000000000000284e+01
1.166333081150054962e+00,5.799000000000000199e+01
1.159019195461273188e+00,5.817000000000000171e+01
1.153514697837829672e+00,5.760999999999999943e+01
1.146728740119933976e+00,5.797999999999999687e+01
1.139226704978942850e+00,5.775000000000000000e+01
1.135590102577209493e+00,5.789000000000000057e+01
1.129063643550872742e+00,5.817000000000000171e+01
1.118876878166198630e+00,5.846999999999999886e+01
1.118264899063110329e+00,5.903000000000000114e+01
1.108607040309905978e+00,5.850999999999999801e+01
1.107683028888702292e+00,5.859000000000000341e+01
1.096937305927276674e+00,5.814000000000000057e+01
1.088447039127349747e+00,5.771999999999999886e+01
1.085849554347992019e+00,5.853000000000000114e+01
1.083027850532531700e+00,5.771000000000000085e+01
1.074827838897705057e+00,5.818999999999999773e+01
1.071660128307342585e+00,5.836999999999999744e+01
1.063294437408447202e+00,5.817000000000000171e+01
1.061753590583801365e+00,5.784000000000000341e+01
1.058786783409118692e+00,5.809000000000000341e+01
1.045052812099456885e+00,5.747999999999999687e+01
1.044711275291442920e+00,5.853000000000000114e+01
1.039132721614837607e+00,5.861999999999999744e+01
1.037030947971343986e+00,5.839999999999999858e+01
1.030850750160217322e+00,5.821000000000000085e+01
1.026158936977386471e+00,5.895000000000000284e+01
1.021101932621002240e+00,5.846000000000000085e+01
1.013148659133911167e+00,5.882000000000000028e+01
1.001278344345092775e+00,5.720000000000000284e+01
1.001609944152832110e+00,5.868999999999999773e+01
9.982955732345580868e-01,5.753999999999999915e+01
9.923635772705078351e-01,5.782000000000000028e+01
9.861460895538329829e-01,5.824000000000000199e+01
9.778163604736328507e-01,5.813000000000000256e+01
9.761881862640381380e-01,5.846999999999999886e+01
9.724907053947449143e-01,5.810999999999999943e+01
9.677465191841125858e-01,5.871000000000000085e+01
9.561921647071838226e-01,5.864999999999999858e+01
9.494231229782104098e-01,5.782000000000000028e+01
9.503967256546020925e-01,5.809000000000000341e+01
9.369151614189148436e-01,5.842999999999999972e+01
9.392877173423767045e-01,5.921000000000000085e+01
9.302176453590392802e-01,5.868999999999999773e+01
9.339611098289489766e-01,5.817000000000000171e+01
9.194108946800232385e-01,5.831000000000000227e+01
9.182581506729126097e-01,5.860999999999999943e+01
9.166433712005614964e-01,5.863000000000000256e+01
9.088266023635864777e-01,5.867000000000000171e+01
8.972437207221984901e-01,5.850000000000000000e+01
8.999470615386963024e-01,5.859000000000000341e+01
8.920463109970092619e-01,5.814999999999999858e+01
8.906430345535277793e-01,5.853999999999999915e+01
8.842311167240143321e-01,5.850999999999999801e+01
8.765604768276215042e-01,5.950999999999999801e+01
8.748126422405242408e-01,5.904999999999999716e+01
8.687393856048584162e-01,5.907000000000000028e+01
8.595513963699340509e-01,5.853999999999999915e+01
8.537520094871521303e-01,5.897999999999999687e+01
8.512845806598663412e-01,5.938000000000000256e+01
8.476399674892425296e-01,5.932000000000000028e+01
8.341070738792419892e-01,5.874000000000000199e+01
8.403849349021911275e-01,5.852000000000000313e+01
8.343713084220886200e-01,5.910000000000000142e+01
8.206321408271789464e-01,5.868999999999999773e+01
8.197683836460113449e-01,5.884000000000000341e+01
8.118666944503784011e-01,5.946000000000000085e+01
8.151442008495330960e-01,5.904999999999999716e+01
7.976097643375397173e-01,5.874000000000000199e+01
7.992877177238464359e-01,5.864999999999999858e+01
7.873669532299041318e-01,5.900000000000000000e+01
7.909452054977417212e-01,5.925999999999999801e+01
7.815456728458404223e-01,5.931000000000000227e+01
7.786988625526428676e-01,5.878000000000000114e+01
7.713400998592376823e-01,5.885000000000000142e+01
7.742202488422393891e-01,5.947999999999999687e+01
7.596965632915496647e-01,5.885999999999999943e+01
7.569620136260986065e-01,5.889999999999999858e+01
7.515071997642517321e-01,5.877000000000000313e+01
7.452075281143188956e-01,5.840999999999999659e+01
7.380494206428528381e-01,5.871000000000000085e+01
7.403356027603149592e-01,5.889999999999999858e+01
7.292871725082397116e-01,5.911999999999999744e+01
7.253125275611876921e-01,5.918999999999999773e+01
7.210951451301574888e-01,5.861999999999999744e+01
7.112254978656769033e-01,5.889999999999999858e+01
7.086466123104095960e-01,5.913000000000000256e+01
7.025482153892517179e-01,5.915999999999999659e+01
6.988770702838897897e-01,5.846000000000000085e+01
6.909816010475158254e-01,5.878999999999999915e+01
6.910928655624389849e-01,5.856000000000000227e+01
6.859569194793700975e-01,5.895000000000000284e+01
6.782024288654326938e-01,5.875999999999999801e+01
6.764781580924987825e-01,5.936999999999999744e+01
6.618391058444976771e-01,5.872999999999999687e+01
6.600577579021453811e-01,5.847999999999999687e+01
6.564201090812683548e-01,5.877000000000000313e+01
6.517532557964325068e-01,5.877000000000000313e+01
6.462395962238312030e-01,5.900999999999999801e+01
6.474515810489654966e-01,5.895000000000000284e+01
6.351052818298339453e-01,5.892000000000000171e+01
6.376907953739165968e-01,5.875000000000000000e+01
6.287031263351440247e-01,5.870000000000000284e+01
6.203053806304931195e-01,5.897999999999999687e+01
6.154013890266418763e-01,5.846000000000000085e+01
6.112590371608733752e-01,5.885999999999999943e+01
6.040031165122985435e-01,5.872999999999999687e+01
6.058571812629699460e-01,5.910000000000000142e+01
5.982383378982544242e-01,5.846000000000000085e+01
5.919733804225921769e-01,5.927000000000000313e+01
5.866952257633208934e-01,5.892999999999999972e+01
5.834241374015808335e-01,5.867000000000000171e+01
5.776575633525848907e-01,5.882999999999999829e+01
5.718991460323333831e-01,5.878999999999999915e+01
5.665246840000152106e-01,5.857999999999999829e+01
5.673550621509552139e-01,5.897999999999999687e+01
5.589267494201660691e-01,5.878999999999999915e+01
5.589437825679779426e-01,5.885999999999999943e+01
5.508664007186889755e-01,5.886999999999999744e+01
5.493844983577728103e-01,5.838000000000000256e+01
5.398659242630005073e-01,5.799000000000000199e+01
5.333392952442169710e-01,5.884000000000000341e+01
5.293842140674590580e-01,5.889999999999999858e+01
5.291462180137633808e-01,5.847999999999999687e+01
5.254414239645004425e-01,5.821999999999999886e+01
5.224579245567321228e-01,5.839999999999999858e+01
5.090162427186966099e-01,5.853000000000000114e+01
5.095083362102508229e-01,5.889000000000000057e+01
5.080237240552901712e-01,5.871000000000000085e+01
5.020612748622894639e-01,5.853000000000000114e+01
4.945466768264770718e-01,5.861999999999999744e+01
4.911374632835387999e-01,5.878000000000000114e+01
4.847608318567275809e-01,5.835000000000000142e+01
4.811720018863677728e-01,5.903999999999999915e+01
4.797419351577758562e-01,5.877000000000000313e+01
4.724065793991089057e-01,5.864999999999999858e+01
4.664641533851623389e-01,5.864999999999999858e+01
4.680624935150146659e-01,5.888000000000000256e+01
4.629134636878967091e-01,5.852000000000000313e+01
4.551809059619903453e-01,5.843999999999999773e+01
4.536166791200637594e-01,5.875000000000000000e+01
4.517403917074203634e-01,5.843999999999999773e+01
4.442727392673492259e-01,5.847999999999999687e+01
4.451783240795135765e-01,5.854999999999999716e+01
4.357168177127838105e-01,5.911999999999999744e+01
4.305270688772201426e-01,5.853000000000000114e+01
4.296148704290390086e-01,5.845000000000000284e+01
4.256253731727600020e-01,5.838000000000000256e+01
4.223117309570312283e-01,5.904999999999999716e+01
4.153975574493408152e-01,5.840999999999999659e+01
4.174273123979568290e-01,5.840999999999999659e+01
4.089891308069228959e-01,5.831000000000000227e+01
4.038929309368133325e-01,5.852000000000000313e+01
4.016863218784332279e-01,5.853000000000000114e+01
3.973094834804534736e-01,5.860999999999999943e+01
3.928248043298721570e-01,5.853000000000000114e+01
3.902686882257461742e-01,5.856000000000000227e+01
3.916408171892166168e-01,5.842000000000000171e+01
3.813531752109527440e-01,5.865999999999999659e+01
3.850652665138244446e-01,5.902000000000000313e+01
3.793846858024597091e-01,5.860999999999999943e+01
3.775860573291778821e-01,5.860999999999999943e+01
3.682145423173904253e-01,5.803999999999999915e+01
3.689326637744903548e-01,5.846000000000000085e+01
3.632253060579300197e-01,5.849000000000000199e+01
3.628470987319946106e-01,5.839999999999999858e+01
3.590659813880920370e-01,5.860999999999999943e+01
3.548961334466934070e-01,5.835999999999999943e+01
3.546599780321121331e-01,5.859000000000000341e+01
3.484456357717514163e-01,5.828000000000000114e+01
3.465880616664886449e-01,5.856000000000000227e+01
3.448803222656249834e-01,5.868999999999999773e+01
3.416205062389373603e-01,5.843999999999999773e+01
3.378199076652526611e-01,5.846999999999999886e+01
3.378802315950393820e-01,5.853000000000000114e+01
3.345087828159332144e-01,5.854999999999999716e+01
3.335686414241790798e-01,5.842000000000000171e+01
3.309346073865890303e-01,5.827000000000000313e+01
3.314307894945144883e-01,5.832000000000000028e+01
3.220162512779236041e-01,5.832999999999999829e+01
3.238097962379455352e-01,5.835000000000000142e+01
3.162339493274688995e-01,5.836999999999999744e+01
3.165513361215591681e-01,5.843999999999999773e+01
3.165779781103134072e-01,5.832999999999999829e+01
3.119363373279571694e-01,5.839000000000000057e+01
3.124943342208862385e-01,5.842999999999999972e+01
3.054327046394348377e-01,5.828999999999999915e+01
3.061193726420402550e-01,5.846999999999999886e+01
3.014968708753585913e-01,5.839999999999999858e+01
3.040961073637008516e-01,5.835999999999999943e+01
3.003638082265853715e-01,5.847999999999999687e+01
3.009989641666412363e-01,5.835999999999999943e+01
2.993862625360488861e-01,5.840999999999999659e+01
2.963688216447830093e-01,5.853999999999999915e+01
2.926086879014969111e-01,5.847999999999999687e+01
2.922926041841507061e-01,5.842999999999999972e+01
2.952960674524306994e-01,5.856000000000000227e+01
2.895418337106704931e-01,5.854999999999999716e+01
2.886899167299270541e-01,5.836999999999999744e+01
2.866618336439132886e-01,5.860999999999999943e+01
2.884967072486877560e-01,5.850000000000000000e+01
2.876929445505141958e-01,5.860000000000000142e+01
2.835749792098998801e-01,5.847999999999999687e+01
2.793748293519019987e-01,5.847999999999999687e+01
2.807862304925918817e-01,5.856000000000000227e+01
2.807909020185470617e-01,5.822999999999999687e+01
2.794088338851928865e-01,5.877000000000000313e+01
2.785490718126297227e-01,5.857999999999999829e+01
2.770298452138900691e-01,5.859000000000000341e+01
2.742052522063255227e-01,5.864000000000000057e+01
2.758836046576499945e-01,5.863000000000000256e+01
2.753117216825485269e-01,5.845000000000000284e+01
2.748933572053909313e-01,5.860000000000000142e+01
2.720956654071807757e-01,5.852000000000000313e+01
2.700581588864326421e-01,5.847999999999999687e+01
2.766530539989471293e-01,5.860999999999999943e+01
2.735608562588691672e-01,5.853000000000000114e+01
2.734759917736053203e-01,5.852000000000000313e+01
2.698940950751304579e-01,5.860999999999999943e+01
2.697296331763267552e-01,5.864000000000000057e+01
2.725732797145843378e-01,5.856000000000000227e+01
2.699296427249908703e-01,5.857999999999999829e+01
2.673233716726303166e-01,5.859000000000000341e+01
2.683641925334930289e-01,5.853000000000000114e+01
2.669118949174881239e-01,5.853000000000000114e+01
2.687229962110519454e-01,5.852000000000000313e+01
2.687072965383529577e-01,5.849000000000000199e+01
2.674174800157547160e-01,5.847999999999999687e+01
2.668491747856140406e-01,5.847999999999999687e+01
2.663965485095977637e-01,5.847999999999999687e+01
